0 0.06490384615384616 0.7019230769230769 0.12139423076923077 0.30408653846153844
1 0.421875 0.06370192307692307 0.040865384615384616 0.06610576923076923
0 0.32091346153846156 0.05889423076923077 0.057692307692307696 0.06971153846153846
0 0.052884615384615384 0.020432692307692308 0.054086538461538464 0.040865384615384616
0 0.25721153846153844 0.17307692307692307 0.054086538461538464 0.08173076923076923
0 0.3449519230769231 0.18509615384615385 0.06850961538461539 0.10096153846153846
1 0.5865384615384616 0.20673076923076922 0.040865384615384616 0.07091346153846154
1 0.5492788461538461 0.26322115384615385 0.06009615384615385 0.08413461538461539
0 0.6862980769230769 0.14302884615384615 0.056490384615384616 0.09495192307692307
0 0.8245192307692307 0.19591346153846154 0.046875 0.08052884615384616
0 0.7752403846153846 0.47836538461538464 0.0829326923076923 0.1045673076923077
0 0.9314903846153846 0.3545673076923077 0.06129807692307692 0.0829326923076923
0 0.4951923076923077 0.41586538461538464 0.06850961538461539 0.11177884615384616