0 0.055288461538461536 0.22355769230769232 0.06971153846153846 0.08653846153846154
0 0.18870192307692307 0.20673076923076922 0.06490384615384616 0.09975961538461539
0 0.3137019230769231 0.20192307692307693 0.06850961538461539 0.09975961538461539
0 0.4050480769230769 0.23798076923076922 0.06129807692307692 0.06850961538461539
0 0.45552884615384615 0.24278846153846154 0.0625 0.0985576923076923
0 0.7055288461538461 0.21875 0.06009615384615385 0.140625
0 0.8449519230769231 0.2848557692307692 0.07091346153846154 0.1346153846153846
0 0.8954326923076923 0.5504807692307693 0.078125 0.14543269230769232
0 0.8076923076923077 0.6346153846153846 0.08413461538461539 0.11298076923076923
0 0.609375 0.6117788461538461 0.07091346153846154 0.11899038461538461
0 0.5228365384615384 0.5036057692307693 0.06850961538461539 0.14543269230769232
0 0.3485576923076923 0.5949519230769231 0.0889423076923077 0.11538461538461539
0 0.13942307692307693 0.5048076923076923 0.0733173076923077 0.12740384615384615