0 0.025240384615384616 0.15985576923076922 0.040865384615384616 0.08052884615384616
0 0.0829326923076923 0.20793269230769232 0.052884615384615384 0.09975961538461539
1 0.09975961538461539 0.359375 0.051682692307692304 0.09615384615384616
0 0.046875 0.8557692307692307 0.07692307692307693 0.14182692307692307
0 0.2608173076923077 0.10576923076923077 0.05889423076923077 0.08653846153846154
0 0.27403846153846156 0.38341346153846156 0.056490384615384616 0.1141826923076923
0 0.16706730769230768 0.6502403846153846 0.057692307692307696 0.13221153846153846
0 0.125 0.7403846153846154 0.07211538461538461 0.13942307692307693
0 0.37740384615384615 0.9134615384615384 0.06610576923076923 0.13221153846153846
0 0.48677884615384615 0.10576923076923077 0.06850961538461539 0.10336538461538461
0 0.5 0.2980769230769231 0.06370192307692307 0.11057692307692307
0 0.5180288461538461 0.6959134615384616 0.057692307692307696 0.09735576923076923
0 0.5673076923076923 0.7896634615384616 0.07572115384615384 0.1310096153846154
0 0.6610576923076923 0.1045673076923077 0.06009615384615385 0.10096153846153846
0 0.6394230769230769 0.3786057692307692 0.055288461538461536 0.11177884615384616
0 0.7475961538461539 0.10216346153846154 0.06971153846153846 0.125
0 0.8245192307692307 0.03245192307692308 0.054086538461538464 0.06370192307692307
0 0.8942307692307693 0.19951923076923078 0.06610576923076923 0.10576923076923077
0 0.9302884615384616 0.5685096153846154 0.0733173076923077 0.11057692307692307