1 0.13701923076923078 0.171875 0.0673076923076923 0.1141826923076923
1 0.3425480769230769 0.052884615384615384 0.03125 0.06490384615384616
1 0.49399038461538464 0.06971153846153846 0.036057692307692304 0.07091346153846154
0 0.5348557692307693 0.1141826923076923 0.054086538461538464 0.11298076923076923
1 0.38341346153846156 0.19230769230769232 0.06009615384615385 0.09254807692307693
0 0.36177884615384615 0.34975961538461536 0.07692307692307693 0.14903846153846154
1 0.19951923076923078 0.36778846153846156 0.0625 0.07091346153846154
1 0.12259615384615384 0.7980769230769231 0.0673076923076923 0.11899038461538461
0 0.3076923076923077 0.47596153846153844 0.07572115384615384 0.15264423076923078
1 0.47475961538461536 0.4362980769230769 0.109375 0.19831730769230768
1 0.6262019230769231 0.21875 0.040865384615384616 0.07932692307692307
0 0.6706730769230769 0.2548076923076923 0.06370192307692307 0.12620192307692307
0 0.8629807692307693 0.2668269230769231 0.09495192307692307 0.17307692307692307
0 0.7139423076923077 0.6935096153846154 0.11778846153846154 0.22235576923076922