0 0.12740384615384615 0.04807692307692308 0.015625 0.02283653846153846
0 0.08774038461538461 0.19951923076923078 0.019230769230769232 0.030048076923076924
1 0.13942307692307693 0.28846153846153844 0.02403846153846154 0.03365384615384615
0 0.12860576923076922 0.3713942307692308 0.027644230769230768 0.039663461538461536
0 0.17668269230769232 0.37740384615384615 0.016826923076923076 0.037259615384615384
0 0.016826923076923076 0.4807692307692308 0.02403846153846154 0.040865384615384616
0 0.06971153846153846 0.46274038461538464 0.025240384615384616 0.03125
0 0.1310096153846154 0.47475961538461536 0.027644230769230768 0.037259615384615384
1 0.11177884615384616 0.5697115384615384 0.027644230769230768 0.040865384615384616
0 0.0733173076923077 0.7055288461538461 0.026442307692307692 0.03125
1 0.15985576923076922 0.6322115384615384 0.02283653846153846 0.039663461538461536
0 0.3605769230769231 0.018028846153846152 0.018028846153846152 0.025240384615384616
0 0.35216346153846156 0.057692307692307696 0.021634615384615384 0.03125
0 0.3161057692307692 0.09254807692307693 0.015625 0.026442307692307692
0 0.29927884615384615 0.1201923076923077 0.014423076923076924 0.027644230769230768
0 0.2644230769230769 0.14783653846153846 0.020432692307692308 0.027644230769230768
0 0.2439903846153846 0.23918269230769232 0.016826923076923076 0.02403846153846154
1 0.2127403846153846 0.24879807692307693 0.018028846153846152 0.02403846153846154
0 0.22115384615384615 0.28365384615384615 0.019230769230769232 0.027644230769230768
1 0.265625 0.29086538461538464 0.020432692307692308 0.028846153846153848
0 0.26322115384615385 0.4014423076923077 0.020432692307692308 0.03485576923076923
1 0.28365384615384615 0.4519230769230769 0.018028846153846152 0.030048076923076924
0 0.28846153846153844 0.5625 0.027644230769230768 0.042067307692307696
0 0.2608173076923077 0.6117788461538461 0.030048076923076924 0.04326923076923077
0 0.3245192307692308 0.7776442307692307 0.03245192307692308 0.04927884615384615
0 0.24519230769230768 0.9483173076923077 0.038461538461538464 0.056490384615384616
0 0.453125 0.016826923076923076 0.010817307692307692 0.020432692307692308
0 0.4170673076923077 0.056490384615384616 0.014423076923076924 0.026442307692307692
0 0.3918269230769231 0.06850961538461539 0.016826923076923076 0.02403846153846154
1 0.40024038461538464 0.11658653846153846 0.013221153846153846 0.02403846153846154
0 0.43028846153846156 0.10576923076923077 0.018028846153846152 0.03245192307692308
0 0.3245192307692308 0.20793269230769232 0.019230769230769232 0.027644230769230768
0 0.39783653846153844 0.20432692307692307 0.018028846153846152 0.028846153846153848
1 0.3449519230769231 0.2403846153846154 0.020432692307692308 0.030048076923076924
1 0.3004807692307692 0.2704326923076923 0.016826923076923076 0.027644230769230768
0 0.36658653846153844 0.2932692307692308 0.021634615384615384 0.03245192307692308
0 0.34134615384615385 0.3701923076923077 0.02283653846153846 0.027644230769230768
0 0.4519230769230769 0.3269230769230769 0.021634615384615384 0.03485576923076923
0 0.41947115384615385 0.3713942307692308 0.02403846153846154 0.028846153846153848
0 0.3557692307692308 0.46033653846153844 0.019230769230769232 0.037259615384615384
0 0.43028846153846156 0.4326923076923077 0.02403846153846154 0.038461538461538464
0 0.375 0.6237980769230769 0.025240384615384616 0.042067307692307696
0 0.3798076923076923 0.6995192307692307 0.025240384615384616 0.042067307692307696
0 0.40865384615384615 0.7115384615384616 0.028846153846153848 0.04447115384615385
0 0.4110576923076923 0.9375 0.036057692307692304 0.054086538461538464
0 0.46033653846153844 0.7920673076923077 0.016826923076923076 0.036057692307692304
0 0.46875 0.5889423076923077 0.026442307692307692 0.040865384615384616
0 0.4543269230769231 0.5480769230769231 0.025240384615384616 0.030048076923076924
0 0.47596153846153844 0.06850961538461539 0.013221153846153846 0.020432692307692308
0 0.5444711538461539 0.03365384615384615 0.01201923076923077 0.021634615384615384
0 0.5084134615384616 0.07692307692307693 0.01201923076923077 0.01201923076923077
0 0.5384615384615384 0.10576923076923077 0.016826923076923076 0.025240384615384616
0 0.5733173076923077 0.0625 0.016826923076923076 0.026442307692307692
0 0.4951923076923077 0.140625 0.016826923076923076 0.027644230769230768
0 0.53125 0.20072115384615385 0.009615384615384616 0.019230769230769232
0 0.5060096153846154 0.2403846153846154 0.020432692307692308 0.02403846153846154
0 0.5600961538461539 0.3004807692307692 0.019230769230769232 0.03125
0 0.484375 0.36538461538461536 0.020432692307692308 0.03485576923076923
0 0.5552884615384616 0.3485576923076923 0.019230769230769232 0.028846153846153848
0 0.5372596153846154 0.37740384615384615 0.02283653846153846 0.039663461538461536
0 0.4951923076923077 0.4567307692307692 0.019230769230769232 0.03365384615384615
0 0.6286057692307693 0.010817307692307692 0.016826923076923076 0.021634615384615384
0 0.6394230769230769 0.08774038461538461 0.016826923076923076 0.026442307692307692
0 0.6670673076923077 0.06971153846153846 0.014423076923076924 0.02283653846153846
0 0.6923076923076923 0.08774038461538461 0.010817307692307692 0.021634615384615384
0 0.7019230769230769 0.09375 0.014423076923076924 0.025240384615384616
1 0.6754807692307693 0.13822115384615385 0.013221153846153846 0.02283653846153846
0 0.7331730769230769 0.109375 0.015625 0.026442307692307692
1 0.7367788461538461 0.14182692307692307 0.014423076923076924 0.025240384615384616
0 0.7091346153846154 0.203125 0.018028846153846152 0.026442307692307692
1 0.6442307692307693 0.16826923076923078 0.016826923076923076 0.021634615384615384
0 0.6225961538461539 0.18870192307692307 0.019230769230769232 0.03125
0 0.6346153846153846 0.29927884615384615 0.018028846153846152 0.025240384615384616
0 0.6033653846153846 0.3942307692307692 0.02403846153846154 0.03125
0 0.6694711538461539 0.3870192307692308 0.020432692307692308 0.027644230769230768
0 0.5961538461538461 0.5252403846153846 0.027644230769230768 0.03125
0 0.6033653846153846 0.7620192307692307 0.03245192307692308 0.04447115384615385
0 0.546875 0.8701923076923077 0.03485576923076923 0.051682692307692304
0 0.6466346153846154 0.8293269230769231 0.03245192307692308 0.04567307692307692
0 0.765625 0.010817307692307692 0.015625 0.020432692307692308
0 0.8197115384615384 0.07572115384615384 0.014423076923076924 0.026442307692307692
1 0.8377403846153846 0.09254807692307693 0.014423076923076924 0.021634615384615384
0 0.8197115384615384 0.14302884615384615 0.01201923076923077 0.02283653846153846
0 0.8257211538461539 0.17067307692307693 0.018028846153846152 0.025240384615384616
0 0.7740384615384616 0.24158653846153846 0.020432692307692308 0.03125
0 0.8185096153846154 0.30649038461538464 0.018028846153846152 0.03125
0 0.6959134615384616 0.4266826923076923 0.021634615384615384 0.03485576923076923
0 0.7307692307692307 0.40384615384615385 0.021634615384615384 0.03245192307692308
0 0.7175480769230769 0.46274038461538464 0.025240384615384616 0.03485576923076923
0 0.7259615384615384 0.5384615384615384 0.021634615384615384 0.040865384615384616
0 0.6983173076923077 0.5552884615384616 0.027644230769230768 0.04326923076923077
0 0.7560096153846154 0.9182692307692307 0.03485576923076923 0.052884615384615384
0 0.9014423076923077 0.9783653846153846 0.038461538461538464 0.042067307692307696
0 0.9651442307692307 0.9831730769230769 0.040865384615384616 0.028846153846153848
0 0.9074519230769231 0.8076923076923077 0.03245192307692308 0.04326923076923077
0 0.9411057692307693 0.7860576923076923 0.028846153846153848 0.051682692307692304
0 0.9435096153846154 0.6057692307692307 0.028846153846153848 0.04447115384615385
0 0.9435096153846154 0.5348557692307693 0.026442307692307692 0.037259615384615384
0 0.9939903846153846 0.49038461538461536 0.010817307692307692 0.036057692307692304
0 0.8966346153846154 0.47836538461538464 0.020432692307692308 0.019230769230769232
0 0.9146634615384616 0.4375 0.02283653846153846 0.03365384615384615
0 0.8810096153846154 0.375 0.021634615384615384 0.03485576923076923
0 0.9242788461538461 0.32091346153846156 0.019230769230769232 0.03485576923076923
0 0.8713942307692307 0.32211538461538464 0.020432692307692308 0.03245192307692308
0 0.8497596153846154 0.2824519230769231 0.018028846153846152 0.03245192307692308
0 0.9074519230769231 0.27524038461538464 0.013221153846153846 0.02283653846153846
0 0.8545673076923077 0.22355769230769232 0.019230769230769232 0.027644230769230768
0 0.8701923076923077 0.16706730769230768 0.016826923076923076 0.026442307692307692
0 0.9603365384615384 0.18269230769230768 0.010817307692307692 0.026442307692307692
0 0.9819711538461539 0.10576923076923077 0.015625 0.02403846153846154
0 0.8954326923076923 0.0733173076923077 0.015625 0.02403846153846154
0 0.8689903846153846 0.042067307692307696 0.013221153846153846 0.02403846153846154
0 0.9290865384615384 0.051682692307692304 0.014423076923076924 0.019230769230769232
1 0.9567307692307693 0.030048076923076924 0.01201923076923077 0.020432692307692308
1 0.9927884615384616 0.07091346153846154 0.01201923076923077 0.020432692307692308