0 0.08052884615384616 0.24278846153846154 0.03485576923076923 0.06009615384615385
0 0.16947115384615385 0.24879807692307693 0.040865384615384616 0.06971153846153846
1 0.22115384615384615 0.19591346153846154 0.028846153846153848 0.040865384615384616
1 0.25240384615384615 0.15504807692307693 0.038461538461538464 0.05889423076923077
1 0.35336538461538464 0.1935096153846154 0.04567307692307692 0.0673076923076923
0 0.5012019230769231 0.234375 0.05048076923076923 0.09134615384615384
0 0.5336538461538461 0.17908653846153846 0.02283653846153846 0.05889423076923077
1 0.5961538461538461 0.17668269230769232 0.04326923076923077 0.0673076923076923
1 0.6574519230769231 0.1658653846153846 0.04326923076923077 0.06971153846153846
0 0.8209134615384616 0.14543269230769232 0.056490384615384616 0.09975961538461539
0 0.7487980769230769 0.125 0.026442307692307692 0.046875
0 0.7175480769230769 0.1935096153846154 0.026442307692307692 0.042067307692307696
1 0.057692307692307696 0.1658653846153846 0.030048076923076924 0.051682692307692304