1 0.05889423076923077 0.48197115384615385 0.09254807692307693 0.13942307692307693
1 0.08533653846153846 0.11899038461538461 0.0673076923076923 0.09615384615384616
0 0.14543269230769232 0.08774038461538461 0.054086538461538464 0.09615384615384616
0 0.3088942307692308 0.04447115384615385 0.055288461538461536 0.08533653846153846
1 0.22716346153846154 0.11538461538461539 0.07211538461538461 0.109375
1 0.26322115384615385 0.28125 0.04567307692307692 0.07692307692307693
1 0.21514423076923078 0.47596153846153844 0.08533653846153846 0.1310096153846154
1 0.15625 0.6382211538461539 0.109375 0.11177884615384616
0 0.2091346153846154 0.875 0.1310096153846154 0.21875
1 0.35697115384615385 0.6574519230769231 0.140625 0.15985576923076922
1 0.3233173076923077 0.3762019230769231 0.09134615384615384 0.125
1 0.34375 0.1346153846153846 0.07211538461538461 0.078125
1 0.4387019230769231 0.14903846153846154 0.06490384615384616 0.09014423076923077
0 0.4987980769230769 0.11177884615384616 0.07211538461538461 0.0985576923076923
0 0.4879807692307692 0.3485576923076923 0.0889423076923077 0.1310096153846154
1 0.5685096153846154 0.25961538461538464 0.0625 0.0985576923076923
1 0.6286057692307693 0.109375 0.078125 0.1141826923076923
1 0.7331730769230769 0.10697115384615384 0.06971153846153846 0.078125
1 0.7439903846153846 0.265625 0.0625 0.0889423076923077
0 0.6790865384615384 0.4254807692307692 0.0985576923076923 0.15504807692307693
1 0.6334134615384616 0.6622596153846154 0.09014423076923077 0.125
0 0.7524038461538461 0.7944711538461539 0.10096153846153846 0.14423076923076922
0 0.8269230769230769 0.4963942307692308 0.09014423076923077 0.13701923076923078
1 0.8641826923076923 0.14302884615384615 0.06009615384615385 0.09375
1 0.9747596153846154 0.08653846153846154 0.04927884615384615 0.0733173076923077
0 0.9230769230769231 0.3125 0.0733173076923077 0.09735576923076923