0 0.052884615384615384 0.021634615384615384 0.055288461538461536 0.04326923076923077
0 0.3233173076923077 0.06009615384615385 0.054086538461538464 0.07692307692307693
0 0.25600961538461536 0.16947115384615385 0.052884615384615384 0.0829326923076923
1 0.4230769230769231 0.06370192307692307 0.04326923076923077 0.07091346153846154
0 0.3449519230769231 0.1875 0.06370192307692307 0.10817307692307693
0 0.0625 0.6971153846153846 0.11899038461538461 0.30649038461538464
1 0.5901442307692307 0.20673076923076922 0.037259615384615384 0.07211538461538461
1 0.5504807692307693 0.2620192307692308 0.056490384615384616 0.08413461538461539
0 0.49278846153846156 0.4182692307692308 0.07211538461538461 0.11778846153846154
0 0.6875 0.13822115384615385 0.055288461538461536 0.09735576923076923
0 0.8257211538461539 0.1971153846153846 0.04447115384615385 0.08533653846153846
0 0.7788461538461539 0.47716346153846156 0.07211538461538461 0.09975961538461539
0 0.9326923076923077 0.35216346153846156 0.057692307692307696 0.07932692307692307