0 0.2668269230769231 0.1045673076923077 0.025240384615384616 0.06370192307692307
0 0.23557692307692307 0.14783653846153846 0.039663461538461536 0.07091346153846154
0 0.16346153846153846 0.6346153846153846 0.078125 0.13822115384615385
0 0.33774038461538464 0.5228365384615384 0.0625 0.125
0 0.41947115384615385 0.3112980769230769 0.054086538461538464 0.11298076923076923
0 0.4014423076923077 0.03365384615384615 0.019230769230769232 0.036057692307692304
0 0.4567307692307692 0.05048076923076923 0.018028846153846152 0.04567307692307692
0 0.5564903846153846 0.078125 0.03125 0.04927884615384615
0 0.5420673076923077 0.25240384615384615 0.052884615384615384 0.10817307692307693
0 0.5697115384615384 0.4254807692307692 0.06370192307692307 0.12259615384615384
0 0.6526442307692307 0.24519230769230768 0.057692307692307696 0.11057692307692307
1 0.75 0.125 0.030048076923076924 0.057692307692307696
0 0.8125 0.15865384615384615 0.036057692307692304 0.07932692307692307
0 0.7884615384615384 0.04447115384615385 0.027644230769230768 0.052884615384615384
0 0.8521634615384616 0.038461538461538464 0.03365384615384615 0.06129807692307692
0 0.9002403846153846 0.06610576923076923 0.03365384615384615 0.04567307692307692