0 0.021634615384615384 0.24759615384615385 0.030048076923076924 0.07091346153846154
0 0.13341346153846154 0.10817307692307693 0.06009615384615385 0.12740384615384615
0 0.25841346153846156 0.3233173076923077 0.021634615384615384 0.07091346153846154
1 0.3713942307692308 0.32572115384615385 0.025240384615384616 0.057692307692307696
0 0.4074519230769231 0.14783653846153846 0.03485576923076923 0.09254807692307693
0 0.5168269230769231 0.16826923076923078 0.026442307692307692 0.0829326923076923
0 0.5048076923076923 0.22716346153846154 0.028846153846153848 0.0673076923076923
0 0.6550480769230769 0.22596153846153846 0.036057692307692304 0.06850961538461539
0 0.7055288461538461 0.234375 0.03245192307692308 0.07091346153846154
0 0.7704326923076923 0.29927884615384615 0.016826923076923076 0.046875
0 0.8173076923076923 0.24519230769230768 0.037259615384615384 0.07091346153846154
0 0.8918269230769231 0.2704326923076923 0.030048076923076924 0.06370192307692307
0 0.9266826923076923 0.27283653846153844 0.026442307692307692 0.0673076923076923