0 0.009615384615384616 0.3545673076923077 0.019230769230769232 0.026442307692307692
0 0.11538461538461539 0.37740384615384615 0.020432692307692308 0.030048076923076924
0 0.03485576923076923 0.453125 0.037259615384615384 0.06610576923076923
0 0.09615384615384616 0.5420673076923077 0.030048076923076924 0.06971153846153846
0 0.20673076923076922 0.4411057692307692 0.052884615384615384 0.10096153846153846
0 0.2283653846153846 0.36899038461538464 0.02283653846153846 0.052884615384615384
0 0.25841346153846156 0.3425480769230769 0.020432692307692308 0.038461538461538464
0 0.3245192307692308 0.3581730769230769 0.013221153846153846 0.026442307692307692
0 0.29927884615384615 0.39302884615384615 0.016826923076923076 0.037259615384615384
0 0.31971153846153844 0.4735576923076923 0.03485576923076923 0.06971153846153846
0 0.35336538461538464 0.43509615384615385 0.019230769230769232 0.052884615384615384
0 0.39903846153846156 0.45072115384615385 0.055288461538461536 0.09615384615384616
0 0.453125 0.6286057692307693 0.06610576923076923 0.13581730769230768
0 0.44471153846153844 0.38100961538461536 0.014423076923076924 0.025240384615384616
0 0.5961538461538461 0.47115384615384615 0.02283653846153846 0.06490384615384616
0 0.6442307692307693 0.40625 0.020432692307692308 0.046875
0 0.6875 0.4987980769230769 0.03485576923076923 0.07211538461538461
0 0.8473557692307693 0.6478365384615384 0.15865384615384615 0.3076923076923077
0 0.9399038461538461 0.7427884615384616 0.06129807692307692 0.12860576923076922