0 0.09495192307692307 0.7524038461538461 0.16947115384615385 0.32091346153846156
0 0.2620192307692308 0.6153846153846154 0.10336538461538461 0.18990384615384615
1 0.3016826923076923 0.3786057692307692 0.06490384615384616 0.11057692307692307
0 0.4110576923076923 0.5132211538461539 0.08533653846153846 0.14903846153846154
1 0.47596153846153844 0.35336538461538464 0.03485576923076923 0.11778846153846154
0 0.5480769230769231 0.421875 0.109375 0.21514423076923078
0 0.6430288461538461 0.4206730769230769 0.08653846153846154 0.1814903846153846
1 0.6730769230769231 0.13581730769230768 0.04447115384615385 0.0829326923076923
0 0.8641826923076923 0.2127403846153846 0.04807692307692308 0.07692307692307693
0 0.9182692307692307 0.1814903846153846 0.052884615384615384 0.10096153846153846
0 0.7391826923076923 0.3137019230769231 0.04807692307692308 0.08653846153846154
0 0.7824519230769231 0.4182692307692308 0.07211538461538461 0.14423076923076922
0 0.9591346153846154 0.4387019230769231 0.0673076923076923 0.1346153846153846
0 0.7536057692307693 0.9134615384615384 0.13341346153846154 0.17067307692307693
0 0.4411057692307692 0.09975961538461539 0.03245192307692308 0.055288461538461536
1 0.5961538461538461 0.1346153846153846 0.03245192307692308 0.0733173076923077
1 0.7776442307692307 0.04927884615384615 0.03125 0.04807692307692308