1 0.10096153846153846 0.25721153846153844 0.06370192307692307 0.10817307692307693
0 0.23557692307692307 0.21153846153846154 0.042067307692307696 0.0733173076923077
0 0.27163461538461536 0.21394230769230768 0.03365384615384615 0.05048076923076923
0 0.34134615384615385 0.1935096153846154 0.037259615384615384 0.06370192307692307
0 0.2127403846153846 0.4110576923076923 0.06850961538461539 0.10576923076923077
0 0.3125 0.5300480769230769 0.09735576923076923 0.16105769230769232
0 0.3918269230769231 0.2091346153846154 0.025240384615384616 0.046875
0 0.41466346153846156 0.24278846153846154 0.03365384615384615 0.057692307692307696
0 0.4831730769230769 0.29927884615384615 0.04927884615384615 0.10336538461538461
0 0.546875 0.21875 0.03365384615384615 0.0733173076923077
0 0.6730769230769231 0.4362980769230769 0.08653846153846154 0.13822115384615385
0 0.8810096153846154 0.8677884615384616 0.16105769230769232 0.24278846153846154
0 0.7704326923076923 0.28365384615384615 0.05889423076923077 0.09134615384615384