0 0.09254807692307693 0.5384615384615384 0.13942307692307693 0.3125
0 0.3137019230769231 0.49759615384615385 0.1346153846153846 0.24158653846153846
0 0.4735576923076923 0.3942307692307692 0.09254807692307693 0.21153846153846154
0 0.7644230769230769 0.3449519230769231 0.10096153846153846 0.17307692307692307
1 0.9615384615384616 0.27524038461538464 0.07572115384615384 0.125
0 0.6177884615384616 0.30649038461538464 0.05889423076923077 0.14543269230769232
1 0.3269230769230769 0.2548076923076923 0.06971153846153846 0.13942307692307693
0 0.42788461538461536 0.25600961538461536 0.07451923076923077 0.13822115384615385
0 0.5625 0.2776442307692308 0.04447115384615385 0.1201923076923077
0 0.8762019230769231 0.23557692307692307 0.042067307692307696 0.10697115384615384
1 0.7463942307692307 0.19591346153846154 0.06129807692307692 0.10096153846153846