0 0.040865384615384616 0.9519230769230769 0.07211538461538461 0.09254807692307693
0 0.12139423076923077 0.8533653846153846 0.07091346153846154 0.1346153846153846
0 0.16466346153846154 0.7668269230769231 0.054086538461538464 0.11899038461538461
1 0.09375 0.4795673076923077 0.05048076923076923 0.09254807692307693
0 0.26322115384615385 0.5012019230769231 0.04807692307692308 0.109375
0 0.25961538461538464 0.21995192307692307 0.057692307692307696 0.09254807692307693
0 0.0829326923076923 0.3245192307692308 0.04567307692307692 0.10697115384615384
0 0.021634615384615384 0.2800480769230769 0.03125 0.08533653846153846
0 0.5625 0.9038461538461539 0.07211538461538461 0.12740384615384615
0 0.5180288461538461 0.8088942307692307 0.06490384615384616 0.0985576923076923
0 0.49759615384615385 0.41466346153846156 0.06129807692307692 0.10817307692307693
0 0.4807692307692308 0.22115384615384615 0.06129807692307692 0.09014423076923077
0 0.48677884615384615 0.06490384615384616 0.055288461538461536 0.07572115384615384
0 0.6610576923076923 0.22235576923076922 0.054086538461538464 0.11177884615384616
0 0.640625 0.4879807692307692 0.054086538461538464 0.10336538461538461
0 0.7475961538461539 0.21995192307692307 0.05889423076923077 0.11658653846153846
0 0.8209134615384616 0.13701923076923078 0.057692307692307696 0.08774038461538461
0 0.8954326923076923 0.3173076923076923 0.0673076923076923 0.10216346153846154
0 0.9326923076923077 0.6838942307692307 0.0625 0.10216346153846154