0 0.10697115384615384 0.5853365384615384 0.07932692307692307 0.1814903846153846
0 0.0673076923076923 0.265625 0.06370192307692307 0.14543269230769232
0 0.1346153846153846 0.1201923076923077 0.057692307692307696 0.1502403846153846
0 0.22355769230769232 0.5108173076923077 0.06610576923076923 0.17307692307692307
0 0.16466346153846154 0.40865384615384615 0.056490384615384616 0.13701923076923078
0 0.3317307692307692 0.59375 0.06009615384615385 0.19831730769230768
0 0.27163461538461536 0.9338942307692307 0.09495192307692307 0.12620192307692307
0 0.4254807692307692 0.8978365384615384 0.11057692307692307 0.19831730769230768
0 0.41947115384615385 0.35697115384615385 0.07211538461538461 0.17307692307692307
0 0.34134615384615385 0.24158653846153846 0.06129807692307692 0.14783653846153846
0 0.5432692307692307 0.3786057692307692 0.05889423076923077 0.14302884615384615
0 0.5769230769230769 0.7824519230769231 0.08173076923076923 0.1622596153846154
0 0.6274038461538461 0.5853365384615384 0.06370192307692307 0.17548076923076922
0 0.6033653846153846 0.32572115384615385 0.06610576923076923 0.16466346153846154
0 0.6610576923076923 0.12620192307692307 0.054086538461538464 0.1346153846153846
1 0.5348557692307693 0.09375 0.046875 0.09735576923076923
0 0.765625 0.41586538461538464 0.05889423076923077 0.14543269230769232
0 0.8064903846153846 0.6802884615384616 0.0889423076923077 0.20432692307692307
0 0.8557692307692307 0.6502403846153846 0.057692307692307696 0.15625
0 0.9639423076923077 0.4567307692307692 0.06850961538461539 0.1875
0 0.9242788461538461 0.20072115384615385 0.06129807692307692 0.1502403846153846
0 0.9435096153846154 0.055288461538461536 0.052884615384615384 0.0889423076923077
0 0.8485576923076923 0.3629807692307692 0.0673076923076923 0.13942307692307693
0 0.9735576923076923 0.8882211538461539 0.046875 0.21754807692307693