0 0.6682692307692307 0.6574519230769231 0.12259615384615384 0.18870192307692307
0 0.8016826923076923 0.5576923076923077 0.13221153846153846 0.19471153846153846
0 0.9411057692307693 0.453125 0.05889423076923077 0.1045673076923077
0 0.8269230769230769 0.25721153846153844 0.06610576923076923 0.08533653846153846
0 0.9302884615384616 0.21995192307692307 0.03365384615384615 0.06850961538461539
0 0.6850961538461539 0.3629807692307692 0.07932692307692307 0.11177884615384616
0 0.6310096153846154 0.1971153846153846 0.04326923076923077 0.07572115384615384
0 0.5625 0.45072115384615385 0.0733173076923077 0.11298076923076923
0 0.36778846153846156 0.45552884615384615 0.0733173076923077 0.12259615384615384
0 0.5084134615384616 0.36177884615384615 0.06009615384615385 0.078125
0 0.25 0.4182692307692308 0.06129807692307692 0.07572115384615384
0 0.11778846153846154 0.5264423076923077 0.0733173076923077 0.11778846153846154
0 0.05048076923076923 0.38100961538461536 0.055288461538461536 0.07932692307692307
0 0.23798076923076922 0.22115384615384615 0.056490384615384616 0.07091346153846154
0 0.35697115384615385 0.16826923076923078 0.051682692307692304 0.07572115384615384
0 0.47716346153846156 0.21754807692307693 0.028846153846153848 0.057692307692307696
0 0.5324519230769231 0.25600961538461536 0.03365384615384615 0.06009615384615385
0 0.14182692307692307 0.171875 0.056490384615384616 0.07451923076923077