0 0.8449519230769231 0.1658653846153846 0.056490384615384616 0.09014423076923077
0 0.9350961538461539 0.3004807692307692 0.04447115384615385 0.0829326923076923
0 0.6442307692307693 0.19591346153846154 0.04567307692307692 0.07211538461538461
0 0.7091346153846154 0.2920673076923077 0.03365384615384615 0.056490384615384616
0 0.09134615384615384 0.21033653846153846 0.042067307692307696 0.07451923076923077
0 0.11899038461538461 0.27884615384615385 0.055288461538461536 0.09254807692307693
0 0.47596153846153844 0.19591346153846154 0.06490384615384616 0.10096153846153846
1 0.19591346153846154 0.2920673076923077 0.055288461538461536 0.09014423076923077
1 0.021634615384615384 0.20192307692307693 0.04326923076923077 0.0673076923076923
1 0.3629807692307692 0.24639423076923078 0.046875 0.07091346153846154
1 0.6021634615384616 0.21754807692307693 0.036057692307692304 0.05889423076923077
1 0.7259615384615384 0.15384615384615385 0.046875 0.06610576923076923
1 0.23798076923076922 0.23197115384615385 0.03485576923076923 0.06490384615384616