0 0.03125 0.23918269230769232 0.055288461538461536 0.08173076923076923
0 0.08774038461538461 0.2776442307692308 0.03245192307692308 0.054086538461538464
0 0.2403846153846154 0.22596153846153846 0.03365384615384615 0.06370192307692307
0 0.30649038461538464 0.22956730769230768 0.05048076923076923 0.08653846153846154
0 0.3449519230769231 0.2403846153846154 0.028846153846153848 0.05048076923076923
0 0.3942307692307692 0.2776442307692308 0.037259615384615384 0.056490384615384616
0 0.46634615384615385 0.27524038461538464 0.036057692307692304 0.052884615384615384
0 0.5661057692307693 0.31490384615384615 0.052884615384615384 0.07091346153846154
0 0.6153846153846154 0.21634615384615385 0.04447115384615385 0.06490384615384616
0 0.7139423076923077 0.23677884615384615 0.03125 0.054086538461538464
0 0.7524038461538461 0.23317307692307693 0.042067307692307696 0.07091346153846154
0 0.8293269230769231 0.328125 0.04927884615384615 0.07091346153846154
0 0.9038461538461539 0.2668269230769231 0.04326923076923077 0.07932692307692307
0 0.42427884615384615 0.2620192307692308 0.020432692307692308 0.036057692307692304