0 0.0889423076923077 0.8269230769230769 0.06129807692307692 0.08653846153846154
0 0.21995192307692307 0.8269230769230769 0.05889423076923077 0.08653846153846154
0 0.33052884615384615 0.8569711538461539 0.056490384615384616 0.0829326923076923
0 0.5048076923076923 0.9002403846153846 0.06850961538461539 0.08533653846153846
0 0.7944711538461539 0.7680288461538461 0.06129807692307692 0.07451923076923077
0 0.9519230769230769 0.8365384615384616 0.055288461538461536 0.05048076923076923
0 0.6646634615384616 0.6598557692307693 0.05889423076923077 0.07692307692307693
0 0.8497596153846154 0.5072115384615384 0.04807692307692308 0.06129807692307692
0 0.9795673076923077 0.5685096153846154 0.03365384615384615 0.06370192307692307
0 0.7199519230769231 0.5036057692307693 0.036057692307692304 0.052884615384615384
0 0.5432692307692307 0.6790865384615384 0.056490384615384616 0.07211538461538461
0 0.40865384615384615 0.6454326923076923 0.054086538461538464 0.06850961538461539
0 0.2247596153846154 0.5877403846153846 0.030048076923076924 0.07692307692307693
0 0.18870192307692307 0.5745192307692307 0.055288461538461536 0.08052884615384616
0 0.1201923076923077 0.5721153846153846 0.051682692307692304 0.0733173076923077
0 0.013221153846153846 0.5432692307692307 0.026442307692307692 0.07692307692307693
0 0.020432692307692308 0.39302884615384615 0.039663461538461536 0.04447115384615385
0 0.12980769230769232 0.390625 0.04447115384615385 0.06129807692307692
0 0.2620192307692308 0.43028846153846156 0.039663461538461536 0.056490384615384616
0 0.34375 0.4206730769230769 0.04447115384615385 0.05889423076923077
0 0.4699519230769231 0.4807692307692308 0.051682692307692304 0.06129807692307692
0 0.5709134615384616 0.4951923076923077 0.04927884615384615 0.06009615384615385
0 0.9651442307692307 0.3545673076923077 0.042067307692307696 0.06129807692307692
0 0.8149038461538461 0.31850961538461536 0.028846153846153848 0.06009615384615385
0 0.7223557692307693 0.30528846153846156 0.039663461538461536 0.06490384615384616
0 0.6502403846153846 0.30408653846153844 0.04447115384615385 0.04807692307692308
0 0.5372596153846154 0.2512019230769231 0.039663461538461536 0.06129807692307692
0 0.4831730769230769 0.25721153846153844 0.03365384615384615 0.06129807692307692
0 0.37259615384615385 0.21514423076923078 0.03365384615384615 0.06009615384615385
0 0.2920673076923077 0.23197115384615385 0.03365384615384615 0.052884615384615384
0 0.17908653846153846 0.20432692307692307 0.03125 0.051682692307692304
0 0.08533653846153846 0.20192307692307693 0.038461538461538464 0.06370192307692307
0 0.019230769230769232 0.19110576923076922 0.037259615384615384 0.056490384615384616
0 0.018028846153846152 0.09615384615384616 0.030048076923076924 0.046875
0 0.11658653846153846 0.1045673076923077 0.02283653846153846 0.046875
0 0.20673076923076922 0.140625 0.03365384615384615 0.051682692307692304
0 0.3329326923076923 0.14543269230769232 0.028846153846153848 0.055288461538461536
0 0.4831730769230769 0.11899038461538461 0.027644230769230768 0.055288461538461536
0 0.5733173076923077 0.15144230769230768 0.03485576923076923 0.06009615384615385
0 0.6959134615384616 0.18028846153846154 0.036057692307692304 0.06009615384615385
0 0.7884615384615384 0.15865384615384615 0.038461538461538464 0.06490384615384616
0 0.9002403846153846 0.1935096153846154 0.036057692307692304 0.056490384615384616
0 0.9855769230769231 0.21033653846153846 0.026442307692307692 0.06009615384615385
0 0.8161057692307693 0.06129807692307692 0.03125 0.04807692307692308
0 0.7403846153846154 0.06971153846153846 0.036057692307692304 0.051682692307692304
0 0.6418269230769231 0.0625 0.03245192307692308 0.055288461538461536
0 0.5973557692307693 0.020432692307692308 0.025240384615384616 0.039663461538461536
0 0.5144230769230769 0.057692307692307696 0.03365384615384615 0.04447115384615385
0 0.44711538461538464 0.06009615384615385 0.03365384615384615 0.039663461538461536
0 0.3798076923076923 0.046875 0.03365384615384615 0.046875
0 0.2920673076923077 0.03125 0.037259615384615384 0.046875
0 0.17548076923076922 0.052884615384615384 0.025240384615384616 0.038461538461538464
0 0.11177884615384616 0.02403846153846154 0.026442307692307692 0.04807692307692308