0 0.20552884615384615 0.15745192307692307 0.052884615384615384 0.07932692307692307
0 0.28846153846153844 0.38221153846153844 0.04326923076923077 0.0673076923076923
0 0.4651442307692308 0.20552884615384615 0.04807692307692308 0.06971153846153846
0 0.9122596153846154 0.1971153846153846 0.042067307692307696 0.06490384615384616
0 0.6887019230769231 0.21875 0.037259615384615384 0.051682692307692304
0 0.6081730769230769 0.19831730769230768 0.03365384615384615 0.04567307692307692
0 0.5649038461538461 0.22956730769230768 0.028846153846153848 0.04447115384615385
0 0.078125 0.19230769230769232 0.027644230769230768 0.039663461538461536
0 0.29086538461538464 0.15144230769230768 0.025240384615384616 0.04447115384615385
0 0.33774038461538464 0.18269230769230768 0.018028846153846152 0.03365384615384615
0 0.38822115384615385 0.1875 0.019230769230769232 0.028846153846153848
0 0.9711538461538461 0.20192307692307693 0.018028846153846152 0.028846153846153848