0 0.8413461538461539 0.44471153846153844 0.109375 0.10697115384615384
0 0.6778846153846154 0.3425480769230769 0.0733173076923077 0.12980769230769232
0 0.6129807692307693 0.3317307692307692 0.0733173076923077 0.11899038461538461
0 0.5420673076923077 0.29086538461538464 0.06971153846153846 0.11057692307692307
0 0.4362980769230769 0.2956730769230769 0.06370192307692307 0.10576923076923077
0 0.3954326923076923 0.2800480769230769 0.036057692307692304 0.0985576923076923
0 0.3605769230769231 0.29086538461538464 0.036057692307692304 0.08774038461538461
0 0.30408653846153844 0.20192307692307693 0.055288461538461536 0.09134615384615384
0 0.25961538461538464 0.24759615384615385 0.052884615384615384 0.08173076923076923
0 0.11899038461538461 0.2644230769230769 0.03365384615384615 0.057692307692307696
0 0.02403846153846154 0.23317307692307693 0.038461538461538464 0.0673076923076923