0 0.39783653846153844 0.25240384615384615 0.06971153846153846 0.12860576923076922
0 0.5384615384615384 0.3942307692307692 0.057692307692307696 0.10817307692307693
0 0.28846153846153844 0.8882211538461539 0.1310096153846154 0.21875
0 0.5360576923076923 0.9326923076923077 0.12139423076923077 0.13221153846153846
0 0.8389423076923077 0.20072115384615385 0.057692307692307696 0.10697115384615384
0 0.6442307692307693 0.15264423076923078 0.0625 0.10096153846153846
0 0.7235576923076923 0.15745192307692307 0.06009615384615385 0.12980769230769232
0 0.5120192307692307 0.25240384615384615 0.0625 0.12860576923076922
0 0.5276442307692307 0.04567307692307692 0.026442307692307692 0.078125
0 0.40865384615384615 0.08653846153846154 0.04447115384615385 0.08413461538461539
0 0.2704326923076923 0.03245192307692308 0.030048076923076924 0.06370192307692307
0 0.15865384615384615 0.08653846153846154 0.04447115384615385 0.07692307692307693
0 0.05048076923076923 0.12139423076923077 0.04927884615384615 0.06971153846153846
0 0.20552884615384615 0.052884615384615384 0.03245192307692308 0.06370192307692307
0 0.7872596153846154 0.039663461538461536 0.040865384615384616 0.078125
1 0.2283653846153846 0.12139423076923077 0.037259615384615384 0.078125