0 0.5072115384615384 0.22235576923076922 0.06971153846153846 0.1141826923076923
0 0.7271634615384616 0.1875 0.046875 0.11298076923076923
0 0.9266826923076923 0.21995192307692307 0.06490384615384616 0.11177884615384616
0 0.11057692307692307 0.3545673076923077 0.10216346153846154 0.15865384615384615
0 0.2608173076923077 0.23557692307692307 0.04567307692307692 0.07932692307692307
0 0.3245192307692308 0.2283653846153846 0.037259615384615384 0.06850961538461539
0 0.12620192307692307 0.2247596153846154 0.05048076923076923 0.0985576923076923
0 0.6634615384615384 0.23317307692307693 0.030048076923076924 0.04927884615384615
0 0.625 0.22355769230769232 0.027644230769230768 0.05048076923076923
0 0.42908653846153844 0.20432692307692307 0.028846153846153848 0.052884615384615384
0 0.014423076923076924 0.23197115384615385 0.026442307692307692 0.055288461538461536