0 0.021634615384615384 0.4879807692307692 0.042067307692307696 0.078125
0 0.08653846153846154 0.453125 0.04447115384615385 0.06971153846153846
0 0.19110576923076922 0.453125 0.04807692307692308 0.0733173076923077
0 0.2860576923076923 0.4254807692307692 0.042067307692307696 0.0625
0 0.3473557692307692 0.4483173076923077 0.04567307692307692 0.0829326923076923
0 0.4831730769230769 0.46634615384615385 0.04567307692307692 0.07572115384615384
0 0.5036057692307693 0.4254807692307692 0.027644230769230768 0.08533653846153846
0 0.6129807692307693 0.4387019230769231 0.025240384615384616 0.04807692307692308
0 0.6911057692307693 0.3293269230769231 0.05048076923076923 0.09375
0 0.8689903846153846 0.35336538461538464 0.05889423076923077 0.08774038461538461
0 0.9903846153846154 0.37740384615384615 0.016826923076923076 0.07451923076923077
0 0.9254807692307693 0.3737980769230769 0.046875 0.078125
1 0.6382211538461539 0.44471153846153844 0.03485576923076923 0.0733173076923077
1 0.40384615384615385 0.49158653846153844 0.04326923076923077 0.0733173076923077
1 0.25961538461538464 0.4675480769230769 0.046875 0.0829326923076923