0 0.8461538461538461 0.16826923076923078 0.0625 0.09495192307692307
0 0.09014423076923077 0.20673076923076922 0.05048076923076923 0.0673076923076923
0 0.6442307692307693 0.19471153846153846 0.04567307692307692 0.0733173076923077
0 0.7079326923076923 0.2956730769230769 0.03245192307692308 0.04927884615384615
0 0.9350961538461539 0.2980769230769231 0.046875 0.08052884615384616
0 0.47716346153846156 0.19591346153846154 0.056490384615384616 0.10096153846153846
0 0.11658653846153846 0.2776442307692308 0.056490384615384616 0.09495192307692307
1 0.02283653846153846 0.20072115384615385 0.04567307692307692 0.07451923076923077
1 0.19591346153846154 0.29447115384615385 0.055288461538461536 0.0889423076923077
1 0.23317307692307693 0.23197115384615385 0.037259615384615384 0.0625
1 0.3629807692307692 0.2439903846153846 0.04447115384615385 0.06009615384615385
1 0.6021634615384616 0.21514423076923078 0.042067307692307696 0.06129807692307692
1 0.7223557692307693 0.15504807692307693 0.046875 0.0673076923076923