0 0.7115384615384616 0.37740384615384615 0.0673076923076923 0.11177884615384616
0 0.8846153846153846 0.27403846153846156 0.055288461538461536 0.10336538461538461
0 0.6430288461538461 0.2439903846153846 0.06370192307692307 0.12259615384615384
0 0.3918269230769231 0.42788461538461536 0.05889423076923077 0.08413461538461539
0 0.43149038461538464 0.3401442307692308 0.051682692307692304 0.08653846153846154
0 0.039663461538461536 0.36899038461538464 0.07932692307692307 0.23076923076923078
0 0.33052884615384615 0.35216346153846156 0.04447115384615385 0.0673076923076923
0 0.26802884615384615 0.32211538461538464 0.051682692307692304 0.06490384615384616
0 0.09254807692307693 0.3173076923076923 0.037259615384615384 0.054086538461538464
0 0.1971153846153846 0.3137019230769231 0.042067307692307696 0.051682692307692304
0 0.15264423076923078 0.2860576923076923 0.020432692307692308 0.038461538461538464
0 0.5120192307692307 0.2800480769230769 0.027644230769230768 0.04326923076923077