0 0.09735576923076923 0.23798076923076922 0.051682692307692304 0.0625
0 0.2620192307692308 0.20552884615384615 0.04447115384615385 0.06610576923076923
0 0.15504807692307693 0.28846153846153844 0.020432692307692308 0.039663461538461536
0 0.33774038461538464 0.24759615384615385 0.025240384615384616 0.04927884615384615
0 0.42427884615384615 0.23798076923076922 0.037259615384615384 0.08052884615384616
0 0.5300480769230769 0.25721153846153844 0.039663461538461536 0.08533653846153846
0 0.7127403846153846 0.2620192307692308 0.028846153846153848 0.0829326923076923
0 0.8629807692307693 0.24519230769230768 0.038461538461538464 0.07692307692307693
0 0.5829326923076923 0.33774038461538464 0.009615384615384616 0.021634615384615384
0 0.9879807692307693 0.359375 0.01201923076923077 0.021634615384615384
0 0.9759615384615384 0.36778846153846156 0.014423076923076924 0.026442307692307692