0 0.04567307692307692 0.5913461538461539 0.08533653846153846 0.12139423076923077
0 0.08533653846153846 0.4266826923076923 0.038461538461538464 0.05889423076923077
0 0.12139423076923077 0.39302884615384615 0.025240384615384616 0.04326923076923077
0 0.16947115384615385 0.3485576923076923 0.02403846153846154 0.03125
0 0.021634615384615384 0.3605769230769231 0.02283653846153846 0.026442307692307692
0 0.1971153846153846 0.42908653846153844 0.037259615384615384 0.04447115384615385
0 0.234375 0.3605769230769231 0.027644230769230768 0.038461538461538464
0 0.2860576923076923 0.5276442307692307 0.1141826923076923 0.1622596153846154
0 0.29086538461538464 0.3545673076923077 0.025240384615384616 0.027644230769230768
0 0.3762019230769231 0.36778846153846156 0.015625 0.021634615384615384
0 0.40024038461538464 0.3894230769230769 0.026442307692307692 0.03245192307692308
0 0.4423076923076923 0.4543269230769231 0.04326923076923077 0.05889423076923077
0 0.5408653846153846 0.44471153846153844 0.0625 0.08774038461538461
0 0.5072115384615384 0.40024038461538464 0.02283653846153846 0.04567307692307692
0 0.44471153846153844 0.38100961538461536 0.018028846153846152 0.021634615384615384
0 0.5829326923076923 0.35096153846153844 0.027644230769230768 0.027644230769230768
0 0.7007211538461539 0.3942307692307692 0.025240384615384616 0.028846153846153848
0 0.6995192307692307 0.3449519230769231 0.015625 0.02283653846153846
0 0.7463942307692307 0.4411057692307692 0.025240384615384616 0.03125
0 0.7271634615384616 0.36177884615384615 0.016826923076923076 0.016826923076923076
0 0.7752403846153846 0.39903846153846156 0.020432692307692308 0.027644230769230768
0 0.8245192307692307 0.44711538461538464 0.04927884615384615 0.06370192307692307
0 0.890625 0.4014423076923077 0.02403846153846154 0.03245192307692308
0 0.9879807692307693 0.46033653846153844 0.021634615384615384 0.06850961538461539
0 0.9603365384615384 0.3870192307692308 0.03125 0.03485576923076923
1 0.5432692307692307 0.3485576923076923 0.013221153846153846 0.020432692307692308