0 0.5360576923076923 0.4230769230769231 0.039663461538461536 0.05048076923076923
0 0.7824519230769231 0.4831730769230769 0.036057692307692304 0.04326923076923077
1 0.8762019230769231 0.49158653846153844 0.040865384615384616 0.046875
1 0.7163461538461539 0.44591346153846156 0.038461538461538464 0.042067307692307696
1 0.65625 0.4110576923076923 0.03485576923076923 0.042067307692307696
1 0.4699519230769231 0.41586538461538464 0.03365384615384615 0.04807692307692308
1 0.36658653846153844 0.4074519230769231 0.039663461538461536 0.04807692307692308
1 0.4423076923076923 0.3954326923076923 0.03125 0.039663461538461536
1 0.19951923076923078 0.4026442307692308 0.040865384615384616 0.051682692307692304
1 0.2824519230769231 0.4026442307692308 0.03365384615384615 0.051682692307692304
1 0.24879807692307693 0.5576923076923077 0.03125 0.04447115384615385
1 0.6153846153846154 0.42908653846153844 0.040865384615384616 0.04807692307692308
0 0.07091346153846154 0.4387019230769231 0.021634615384615384 0.028846153846153848
1 0.8413461538461539 0.4567307692307692 0.02283653846153846 0.026442307692307692