0 0.09735576923076923 0.20432692307692307 0.0625 0.10216346153846154
0 0.2956730769230769 0.23798076923076922 0.051682692307692304 0.0985576923076923
0 0.39302884615384615 0.2764423076923077 0.05048076923076923 0.0985576923076923
0 0.47475961538461536 0.21153846153846154 0.06129807692307692 0.10576923076923077
0 0.6141826923076923 0.2620192307692308 0.03485576923076923 0.09495192307692307
0 0.5949519230769231 0.19591346153846154 0.025240384615384616 0.0829326923076923
0 0.7235576923076923 0.23197115384615385 0.05048076923076923 0.0889423076923077
0 0.9146634615384616 0.29086538461538464 0.05889423076923077 0.09375
0 0.15745192307692307 0.140625 0.027644230769230768 0.08052884615384616
0 0.35096153846153844 0.16105769230769232 0.03125 0.0673076923076923
0 0.6790865384615384 0.14783653846153846 0.03485576923076923 0.09495192307692307
0 0.7632211538461539 0.10576923076923077 0.038461538461538464 0.06490384615384616
1 0.6478365384615384 0.125 0.021634615384615384 0.04927884615384615
0 0.5252403846153846 0.078125 0.030048076923076924 0.0733173076923077