0 0.20072115384615385 0.29086538461538464 0.04447115384615385 0.06129807692307692
0 0.31971153846153844 0.28966346153846156 0.04447115384615385 0.06610576923076923
0 0.4326923076923077 0.31490384615384615 0.055288461538461536 0.07572115384615384
0 0.09975961538461539 0.2764423076923077 0.025240384615384616 0.04807692307692308
0 0.3137019230769231 0.2247596153846154 0.03125 0.04927884615384615
0 0.2439903846153846 0.23197115384615385 0.020432692307692308 0.038461538461538464
0 0.40384615384615385 0.25841346153846156 0.04567307692307692 0.07572115384615384
0 0.859375 0.2860576923076923 0.04447115384615385 0.06610576923076923
0 0.7019230769230769 0.24278846153846154 0.04326923076923077 0.06370192307692307
0 0.5997596153846154 0.2536057692307692 0.042067307692307696 0.06490384615384616
1 0.7620192307692307 0.2644230769230769 0.036057692307692304 0.0829326923076923
0 0.8978365384615384 0.22115384615384615 0.028846153846153848 0.05048076923076923
0 0.10096153846153846 0.3293269230769231 0.018028846153846152 0.056490384615384616