0 0.5757211538461539 0.5709134615384616 0.12740384615384615 0.2620192307692308
0 0.8677884615384616 0.6033653846153846 0.12980769230769232 0.23076923076923078
0 0.9050480769230769 0.3293269230769231 0.11538461538461539 0.15264423076923078
0 0.9206730769230769 0.15504807692307693 0.08533653846153846 0.1045673076923077
0 0.7632211538461539 0.11778846153846154 0.0625 0.10697115384615384
0 0.7247596153846154 0.24879807692307693 0.0625 0.10336538461538461
0 0.4074519230769231 0.2127403846153846 0.09495192307692307 0.14302884615384615
0 0.484375 0.125 0.052884615384615384 0.10697115384615384
0 0.31850961538461536 0.14543269230769232 0.0733173076923077 0.15144230769230768
0 0.2620192307692308 0.2692307692307692 0.0829326923076923 0.21153846153846154
0 0.0673076923076923 0.2644230769230769 0.08173076923076923 0.15504807692307693
0 0.11778846153846154 0.6165865384615384 0.13822115384615385 0.20432692307692307
0 0.8245192307692307 0.31971153846153844 0.04567307692307692 0.1466346153846154