0 0.3858173076923077 0.6045673076923077 0.1622596153846154 0.22956730769230768
0 0.07091346153846154 0.8737980769230769 0.14182692307692307 0.21394230769230768
0 0.09495192307692307 0.3016826923076923 0.11658653846153846 0.16346153846153846
0 0.3389423076923077 0.3137019230769231 0.11177884615384616 0.14182692307692307
0 0.6586538461538461 0.3557692307692308 0.14302884615384615 0.18389423076923078
0 0.5276442307692307 0.17668269230769232 0.1045673076923077 0.15985576923076922
0 0.7415865384615384 0.10096153846153846 0.09495192307692307 0.14182692307692307
0 0.025240384615384616 0.3317307692307692 0.05048076923076923 0.11057692307692307
0 0.8701923076923077 0.11658653846153846 0.09495192307692307 0.11658653846153846
0 0.6466346153846154 0.09735576923076923 0.06850961538461539 0.11177884615384616
1 0.43990384615384615 0.19591346153846154 0.06971153846153846 0.10216346153846154
1 0.9134615384615384 0.2800480769230769 0.1346153846153846 0.17427884615384615