0 0.06850961538461539 0.9170673076923077 0.10697115384615384 0.1622596153846154
0 0.1935096153846154 0.7956730769230769 0.06971153846153846 0.11177884615384616
0 0.30288461538461536 0.7415865384615384 0.12860576923076922 0.2283653846153846
0 0.49399038461538464 0.6141826923076923 0.07692307692307693 0.1658653846153846
0 0.32091346153846156 0.24278846153846154 0.04447115384615385 0.07451923076923077
0 0.39903846153846156 0.11177884615384616 0.036057692307692304 0.056490384615384616
0 0.4230769230769231 0.24759615384615385 0.03485576923076923 0.06850961538461539
0 0.49759615384615385 0.13942307692307693 0.028846153846153848 0.04447115384615385
0 0.5913461538461539 0.15384615384615385 0.036057692307692304 0.06009615384615385
0 0.5649038461538461 0.3737980769230769 0.037259615384615384 0.06850961538461539
0 0.6911057692307693 0.5625 0.10216346153846154 0.15985576923076922
0 0.7560096153846154 0.19110576923076922 0.03485576923076923 0.055288461538461536
1 0.8473557692307693 0.34134615384615385 0.037259615384615384 0.05889423076923077
1 0.6646634615384616 0.20072115384615385 0.036057692307692304 0.06009615384615385
1 0.44711538461538464 0.45552884615384615 0.04927884615384615 0.07572115384615384