0 0.06610576923076923 0.3894230769230769 0.0985576923076923 0.16706730769230768
0 0.3245192307692308 0.25600961538461536 0.037259615384615384 0.07211538461538461
0 0.4170673076923077 0.2848557692307692 0.030048076923076924 0.07692307692307693
0 0.6298076923076923 0.25961538461538464 0.038461538461538464 0.07451923076923077
0 0.6899038461538461 0.17427884615384615 0.040865384615384616 0.09254807692307693
0 0.8930288461538461 0.2620192307692308 0.078125 0.19951923076923078
0 0.7115384615384616 0.4651442307692308 0.040865384615384616 0.08653846153846154
1 0.8257211538461539 0.2848557692307692 0.052884615384615384 0.09254807692307693
1 0.38100961538461536 0.21634615384615385 0.02283653846153846 0.055288461538461536
0 0.29086538461538464 0.2127403846153846 0.019230769230769232 0.06370192307692307
1 0.203125 0.19110576923076922 0.03485576923076923 0.09375
0 0.5504807692307693 0.17548076923076922 0.036057692307692304 0.06850961538461539