0 0.0625 0.23557692307692307 0.11298076923076923 0.22235576923076922
0 0.3401442307692308 0.3762019230769231 0.078125 0.15504807692307693
0 0.4254807692307692 0.21754807692307693 0.03365384615384615 0.0889423076923077
0 0.5192307692307693 0.23918269230769232 0.06850961538461539 0.13701923076923078
0 0.8966346153846154 0.26322115384615385 0.038461538461538464 0.0673076923076923
1 0.9615384615384616 0.27403846153846156 0.03365384615384615 0.07692307692307693
1 0.78125 0.24278846153846154 0.040865384615384616 0.0829326923076923
1 0.71875 0.234375 0.038461538461538464 0.08653846153846154
1 0.640625 0.23798076923076922 0.04326923076923077 0.10817307692307693
1 0.21394230769230768 0.2536057692307692 0.055288461538461536 0.10096153846153846
1 0.15504807692307693 0.24759615384615385 0.02403846153846154 0.046875