0 0.03245192307692308 0.3016826923076923 0.03365384615384615 0.08774038461538461
0 0.11298076923076923 0.2776442307692308 0.046875 0.0889423076923077
0 0.25721153846153844 0.6189903846153846 0.03485576923076923 0.0625
0 0.30408653846153844 0.4362980769230769 0.038461538461538464 0.078125
0 0.3485576923076923 0.3629807692307692 0.036057692307692304 0.0625
0 0.4170673076923077 0.40865384615384615 0.042067307692307696 0.06370192307692307
0 0.4651442307692308 0.40625 0.03245192307692308 0.056490384615384616
0 0.5709134615384616 0.37740384615384615 0.03245192307692308 0.06610576923076923
0 0.6370192307692307 0.3918269230769231 0.03365384615384615 0.06610576923076923
0 0.7223557692307693 0.3293269230769231 0.03365384615384615 0.0625
1 0.21995192307692307 0.33653846153846156 0.037259615384615384 0.078125
1 0.3125 0.35216346153846156 0.028846153846153848 0.04807692307692308
1 0.53125 0.38822115384615385 0.03125 0.0673076923076923
1 0.39302884615384615 0.36899038461538464 0.036057692307692304 0.0673076923076923