0 0.18269230769230768 0.3581730769230769 0.06971153846153846 0.14903846153846154
0 0.5552884615384616 0.28966346153846156 0.08653846153846154 0.1658653846153846
0 0.6742788461538461 0.15144230769230768 0.07211538461538461 0.16346153846153846
0 0.9158653846153846 0.12379807692307693 0.07692307692307693 0.16826923076923078
0 0.1346153846153846 0.22235576923076922 0.05048076923076923 0.1502403846153846
0 0.203125 0.19471153846153846 0.051682692307692304 0.125
0 0.796875 0.19471153846153846 0.040865384615384616 0.1141826923076923
1 0.3786057692307692 0.1971153846153846 0.057692307692307696 0.12620192307692307
1 0.036057692307692304 0.21875 0.06971153846153846 0.1622596153846154
1 0.27884615384615385 0.20552884615384615 0.04326923076923077 0.09134615384615384
1 0.5985576923076923 0.1310096153846154 0.06850961538461539 0.16105769230769232