0 0.7896634615384616 0.7259615384615384 0.0985576923076923 0.15264423076923078
1 0.8341346153846154 0.5228365384615384 0.07692307692307693 0.11538461538461539
1 0.44711538461538464 0.5588942307692307 0.078125 0.11538461538461539
0 0.5204326923076923 0.6971153846153846 0.10216346153846154 0.14543269230769232
0 0.9579326923076923 0.546875 0.05889423076923077 0.08774038461538461
0 0.18629807692307693 0.6286057692307693 0.08413461538461539 0.1502403846153846
0 0.07572115384615384 0.5072115384615384 0.056490384615384616 0.09254807692307693
0 0.265625 0.5841346153846154 0.04447115384615385 0.10096153846153846
0 0.35096153846153844 0.5324519230769231 0.051682692307692304 0.078125
0 0.390625 0.49038461538461536 0.056490384615384616 0.11057692307692307
0 0.5180288461538461 0.48677884615384615 0.06009615384615385 0.09254807692307693
0 0.5673076923076923 0.4855769230769231 0.040865384615384616 0.07091346153846154
0 0.6141826923076923 0.39302884615384615 0.030048076923076924 0.055288461538461536
0 0.7271634615384616 0.35697115384615385 0.042067307692307696 0.055288461538461536
1 0.29927884615384615 0.49158653846153844 0.040865384615384616 0.0733173076923077
0 0.12139423076923077 0.4110576923076923 0.03365384615384615 0.052884615384615384
0 0.3737980769230769 0.3858173076923077 0.04567307692307692 0.06850961538461539
1 0.4723557692307692 0.33774038461538464 0.03365384615384615 0.04927884615384615
0 0.515625 0.3161057692307692 0.014423076923076924 0.03485576923076923
0 0.6418269230769231 0.31009615384615385 0.016826923076923076 0.03485576923076923
0 0.4230769230769231 0.33413461538461536 0.02283653846153846 0.038461538461538464
0 0.2536057692307692 0.2980769230769231 0.019230769230769232 0.028846153846153848
0 0.6850961538461539 0.3713942307692308 0.036057692307692304 0.046875
0 0.578125 0.4266826923076923 0.03125 0.054086538461538464
0 0.9134615384615384 0.3137019230769231 0.020432692307692308 0.040865384615384616
0 0.9579326923076923 0.30528846153846156 0.021634615384615384 0.042067307692307696
0 0.78125 0.3485576923076923 0.019230769230769232 0.03245192307692308
0 0.9375 0.3016826923076923 0.018028846153846152 0.03485576923076923