0 0.359375 0.33413461538461536 0.06370192307692307 0.18870192307692307
0 0.07451923076923077 0.3786057692307692 0.07932692307692307 0.15625
0 0.16706730769230768 0.2764423076923077 0.06490384615384616 0.14783653846153846
0 0.3894230769230769 0.49038461538461536 0.0625 0.14783653846153846
0 0.4423076923076923 0.3545673076923077 0.057692307692307696 0.13221153846153846
0 0.6009615384615384 0.2824519230769231 0.09615384615384616 0.15264423076923078
0 0.23798076923076922 0.32211538461538464 0.037259615384615384 0.11658653846153846
1 0.640625 0.4879807692307692 0.10096153846153846 0.21514423076923078
1 0.7608173076923077 0.4266826923076923 0.06971153846153846 0.15625
1 0.9507211538461539 0.33413461538461536 0.05048076923076923 0.1201923076923077
1 0.9819711538461539 0.3317307692307692 0.03365384615384615 0.14903846153846154