0 0.6358173076923077 0.9146634615384616 0.08052884615384616 0.16105769230769232
0 0.5745192307692307 0.7043269230769231 0.06129807692307692 0.16466346153846154
0 0.640625 0.6418269230769231 0.036057692307692304 0.11778846153846154
0 0.9098557692307693 0.6875 0.05889423076923077 0.12139423076923077
0 0.5144230769230769 0.6478365384615384 0.054086538461538464 0.1045673076923077
0 0.6454326923076923 0.45913461538461536 0.036057692307692304 0.0733173076923077
0 0.7716346153846154 0.4110576923076923 0.036057692307692304 0.0829326923076923
0 0.48197115384615385 0.3629807692307692 0.036057692307692304 0.0733173076923077
0 0.35336538461538464 0.4951923076923077 0.054086538461538464 0.078125
0 0.1935096153846154 0.45913461538461536 0.051682692307692304 0.10817307692307693
0 0.24639423076923078 0.4387019230769231 0.038461538461538464 0.078125
0 0.11057692307692307 0.6526442307692307 0.051682692307692304 0.11298076923076923
0 0.04807692307692308 0.4411057692307692 0.056490384615384616 0.12620192307692307
0 0.10336538461538461 0.4483173076923077 0.051682692307692304 0.1045673076923077
0 0.38461538461538464 0.34375 0.036057692307692304 0.08653846153846154
0 0.34375 0.2283653846153846 0.038461538461538464 0.09134615384615384
0 0.609375 0.3233173076923077 0.04447115384615385 0.0829326923076923
0 0.7620192307692307 0.2956730769230769 0.046875 0.08653846153846154
0 0.6983173076923077 0.31490384615384615 0.040865384615384616 0.06490384615384616
0 0.5108173076923077 0.20432692307692307 0.03125 0.06129807692307692
1 0.41947115384615385 0.8918269230769231 0.08774038461538461 0.15625
1 0.4050480769230769 0.6213942307692307 0.05889423076923077 0.13942307692307693
1 0.24879807692307693 0.33052884615384615 0.02403846153846154 0.078125
1 0.24158653846153846 0.2091346153846154 0.02403846153846154 0.06129807692307692
1 0.14302884615384615 0.3389423076923077 0.03125 0.06129807692307692
1 0.7776442307692307 0.6586538461538461 0.0733173076923077 0.12620192307692307
1 0.6586538461538461 0.3125 0.028846153846153848 0.09615384615384616