0 0.38461538461538464 0.4651442307692308 0.056490384615384616 0.11778846153846154
0 0.38100961538461536 0.25961538461538464 0.07932692307692307 0.07091346153846154
0 0.6454326923076923 0.6730769230769231 0.06009615384615385 0.15625
0 0.578125 0.5300480769230769 0.038461538461538464 0.13221153846153846
0 0.6947115384615384 0.2608173076923077 0.025240384615384616 0.046875
1 0.2644230769230769 0.23918269230769232 0.030048076923076924 0.055288461538461536
1 0.0829326923076923 0.23677884615384615 0.020432692307692308 0.036057692307692304
1 0.5072115384615384 0.21634615384615385 0.027644230769230768 0.057692307692307696
1 0.7524038461538461 0.19831730769230768 0.019230769230769232 0.055288461538461536
1 0.5769230769230769 0.3954326923076923 0.038461538461538464 0.0625
0 0.8918269230769231 0.3401442307692308 0.025240384615384616 0.042067307692307696
1 0.9326923076923077 0.36778846153846156 0.038461538461538464 0.06971153846153846
1 0.9387019230769231 0.49278846153846156 0.027644230769230768 0.0985576923076923
1 0.9651442307692307 0.3605769230769231 0.03125 0.05048076923076923