0 0.016826923076923076 0.515625 0.02403846153846154 0.04326923076923077
0 0.07572115384615384 0.8040865384615384 0.02283653846153846 0.036057692307692304
0 0.07451923076923077 0.49399038461538464 0.025240384615384616 0.042067307692307696
0 0.13822115384615385 0.5048076923076923 0.025240384615384616 0.052884615384615384
1 0.11899038461538461 0.6310096153846154 0.025240384615384616 0.05048076923076923
1 0.1658653846153846 0.7139423076923077 0.020432692307692308 0.04447115384615385
0 0.1346153846153846 0.375 0.02403846153846154 0.046875
0 0.18389423076923078 0.38461538461538464 0.01201923076923077 0.046875
1 0.1466346153846154 0.2704326923076923 0.021634615384615384 0.042067307692307696
0 0.09134615384615384 0.15384615384615385 0.018028846153846152 0.038461538461538464
0 0.27403846153846156 0.6875 0.028846153846153848 0.057692307692307696
0 0.3389423076923077 0.8978365384615384 0.03245192307692308 0.06009615384615385
0 0.30288461538461536 0.6225961538461539 0.026442307692307692 0.054086538461538464
1 0.2980769230769231 0.4831730769230769 0.019230769230769232 0.038461538461538464
0 0.2764423076923077 0.41466346153846156 0.020432692307692308 0.04447115384615385
0 0.37259615384615385 0.49038461538461536 0.019230769230769232 0.046875
0 0.39302884615384615 0.7007211538461539 0.027644230769230768 0.054086538461538464
0 0.42908653846153844 0.8149038461538461 0.027644230769230768 0.06009615384615385
0 0.39783653846153844 0.8016826923076923 0.03125 0.06009615384615385
0 0.48197115384615385 0.9182692307692307 0.019230769230769232 0.04567307692307692
0 0.49278846153846156 0.6574519230769231 0.028846153846153848 0.056490384615384616
0 0.47475961538461536 0.6045673076923077 0.03125 0.037259615384615384
0 0.4519230769230769 0.4543269230769231 0.025240384615384616 0.046875
0 0.359375 0.3737980769230769 0.026442307692307692 0.042067307692307696
0 0.23197115384615385 0.2608173076923077 0.021634615384615384 0.03485576923076923
1 0.22115384615384615 0.22115384615384615 0.019230769230769232 0.042067307692307696
1 0.2776442307692308 0.2704326923076923 0.02283653846153846 0.04326923076923077
1 0.3137019230769231 0.24519230769230768 0.019230769230769232 0.038461538461538464
0 0.38341346153846156 0.27524038461538464 0.02283653846153846 0.042067307692307696
0 0.36177884615384615 0.20793269230769232 0.02403846153846154 0.042067307692307696
0 0.2764423076923077 0.0829326923076923 0.016826923076923076 0.03485576923076923
0 0.3137019230769231 0.051682692307692304 0.015625 0.03485576923076923
0 0.3401442307692308 0.1658653846153846 0.019230769230769232 0.03125
0 0.41586538461538464 0.15985576923076922 0.019230769230769232 0.03365384615384615
0 0.2548076923076923 0.20552884615384615 0.018028846153846152 0.03485576923076923
0 0.4387019230769231 0.3762019230769231 0.025240384615384616 0.039663461538461536
0 0.47475961538461536 0.31850961538461536 0.021634615384615384 0.046875
0 0.5072115384615384 0.36778846153846156 0.021634615384615384 0.04447115384615385
0 0.5180288461538461 0.484375 0.020432692307692308 0.039663461538461536
0 0.6322115384615384 0.8786057692307693 0.03125 0.056490384615384616
0 0.6766826923076923 0.9675480769230769 0.03485576923076923 0.05889423076923077
0 0.6237980769230769 0.5721153846153846 0.026442307692307692 0.042067307692307696
0 0.6310096153846154 0.40625 0.02403846153846154 0.038461538461538464
0 0.5625 0.38341346153846156 0.02403846153846154 0.046875
0 0.5817307692307693 0.3473557692307692 0.019230769230769232 0.03485576923076923
0 0.5865384615384616 0.2824519230769231 0.019230769230769232 0.036057692307692304
0 0.5300480769230769 0.20552884615384615 0.019230769230769232 0.03245192307692308
0 0.33052884615384615 0.016826923076923076 0.014423076923076924 0.030048076923076924
1 0.41947115384615385 0.04807692307692308 0.013221153846153846 0.028846153846153848
0 0.45072115384615385 0.03245192307692308 0.019230769230769232 0.038461538461538464
0 0.5192307692307693 0.07692307692307693 0.016826923076923076 0.03485576923076923
0 0.5649038461538461 0.03125 0.015625 0.030048076923076924
0 0.6526442307692307 0.13942307692307693 0.019230769230769232 0.037259615384615384
1 0.6742788461538461 0.11298076923076923 0.016826923076923076 0.028846153846153848
0 0.6634615384615384 0.2824519230769231 0.019230769230769232 0.03245192307692308
0 0.7007211538461539 0.3942307692307692 0.020432692307692308 0.038461538461538464
0 0.7319711538461539 0.6141826923076923 0.030048076923076924 0.051682692307692304
0 0.7271634615384616 0.44711538461538464 0.02283653846153846 0.04447115384615385
0 0.7512019230769231 0.49399038461538464 0.025240384615384616 0.04447115384615385
0 0.7644230769230769 0.4182692307692308 0.02283653846153846 0.04567307692307692
0 0.7608173076923077 0.5865384615384616 0.021634615384615384 0.046875
0 0.7079326923076923 0.0733173076923077 0.014423076923076924 0.030048076923076924
0 0.6694711538461539 0.015625 0.016826923076923076 0.03125
0 0.734375 0.016826923076923076 0.01201923076923077 0.03365384615384615
0 0.7692307692307693 0.036057692307692304 0.013221153846153846 0.03245192307692308
1 0.7704326923076923 0.078125 0.015625 0.03125
1 0.7427884615384616 0.15745192307692307 0.015625 0.03245192307692308
0 0.8100961538461539 0.20673076923076922 0.020432692307692308 0.040865384615384616
0 0.8653846153846154 0.1141826923076923 0.019230769230769232 0.030048076923076924
1 0.8762019230769231 0.015625 0.016826923076923076 0.03125
0 0.9098557692307693 0.11057692307692307 0.019230769230769232 0.03365384615384615
0 0.8954326923076923 0.18389423076923078 0.019230769230769232 0.037259615384615384
0 0.8894230769230769 0.2608173076923077 0.020432692307692308 0.040865384615384616
0 0.8569711538461539 0.2920673076923077 0.019230769230769232 0.038461538461538464
0 0.9110576923076923 0.3112980769230769 0.021634615384615384 0.042067307692307696
0 0.9519230769230769 0.25 0.013221153846153846 0.027644230769230768
0 0.9230769230769231 0.3786057692307692 0.02283653846153846 0.04567307692307692
0 0.9555288461538461 0.4579326923076923 0.026442307692307692 0.039663461538461536
0 0.9675480769230769 0.31009615384615385 0.019230769230769232 0.04567307692307692
0 0.8581730769230769 0.078125 0.013221153846153846 0.027644230769230768
0 0.9879807692307693 0.6790865384615384 0.021634615384615384 0.054086538461538464
0 0.9867788461538461 0.5865384615384616 0.021634615384615384 0.04807692307692308
0 0.9399038461538461 0.5108173076923077 0.020432692307692308 0.036057692307692304