0 0.47836538461538464 0.2764423076923077 0.07572115384615384 0.12259615384615384
0 0.08533653846153846 0.4519230769230769 0.04447115384615385 0.06610576923076923
0 0.15985576923076922 0.5084134615384616 0.037259615384615384 0.04807692307692308
0 0.30408653846153844 0.5216346153846154 0.03125 0.04927884615384615
0 0.23197115384615385 0.5372596153846154 0.021634615384615384 0.04447115384615385
0 0.265625 0.5673076923076923 0.025240384615384616 0.040865384615384616
0 0.6358173076923077 0.5360576923076923 0.027644230769230768 0.04326923076923077
1 0.6237980769230769 0.6598557692307693 0.020432692307692308 0.038461538461538464
0 0.7716346153846154 0.41346153846153844 0.037259615384615384 0.07451923076923077
0 0.8473557692307693 0.4362980769230769 0.03485576923076923 0.07211538461538461
0 0.9242788461538461 0.30528846153846156 0.06009615384615385 0.125