0 0.06370192307692307 0.7127403846153846 0.04447115384615385 0.07451923076923077
0 0.05048076923076923 0.4026442307692308 0.021634615384615384 0.056490384615384616
0 0.1346153846153846 0.390625 0.03365384615384615 0.055288461538461536
1 0.054086538461538464 0.5036057692307693 0.025240384615384616 0.0625
1 0.02283653846153846 0.5288461538461539 0.021634615384615384 0.0733173076923077
0 0.3004807692307692 0.2608173076923077 0.057692307692307696 0.08533653846153846
0 0.3737980769230769 0.2764423076923077 0.051682692307692304 0.07692307692307693
0 0.4879807692307692 0.2980769230769231 0.057692307692307696 0.09495192307692307
0 0.6430288461538461 0.3125 0.046875 0.08173076923076923
0 0.7548076923076923 0.28725961538461536 0.056490384615384616 0.09134615384615384
0 0.9735576923076923 0.38221153846153844 0.036057692307692304 0.052884615384615384
1 0.9747596153846154 0.5024038461538461 0.037259615384615384 0.0733173076923077