0 0.12860576923076922 0.2091346153846154 0.038461538461538464 0.06850961538461539
0 0.24519230769230768 0.22235576923076922 0.051682692307692304 0.07451923076923077
0 0.3389423076923077 0.24278846153846154 0.039663461538461536 0.056490384615384616
0 0.43149038461538464 0.12620192307692307 0.05889423076923077 0.09735576923076923
0 0.48677884615384615 0.171875 0.03245192307692308 0.04807692307692308
0 0.5600961538461539 0.18028846153846154 0.04927884615384615 0.07572115384615384
0 0.6310096153846154 0.3713942307692308 0.04567307692307692 0.0733173076923077
0 0.6850961538461539 0.15384615384615385 0.05048076923076923 0.07692307692307693
0 0.7692307692307693 0.21153846153846154 0.04807692307692308 0.078125
0 0.8377403846153846 0.23076923076923078 0.030048076923076924 0.055288461538461536
0 0.8786057692307693 0.23197115384615385 0.042067307692307696 0.06009615384615385
0 0.9038461538461539 0.18269230769230768 0.025240384615384616 0.042067307692307696
0 0.9735576923076923 0.15625 0.051682692307692304 0.08173076923076923