0 0.17908653846153846 0.28365384615384615 0.020432692307692308 0.039663461538461536
1 0.28365384615384615 0.2956730769230769 0.025240384615384616 0.051682692307692304
1 0.3401442307692308 0.2860576923076923 0.030048076923076924 0.051682692307692304
0 0.3870192307692308 0.33052884615384615 0.039663461538461536 0.06610576923076923
0 0.47596153846153844 0.28125 0.04326923076923077 0.09014423076923077
1 0.49038461538461536 0.30408653846153844 0.018028846153846152 0.051682692307692304
0 0.5408653846153846 0.30649038461538464 0.039663461538461536 0.07572115384615384
1 0.5733173076923077 0.3389423076923077 0.021634615384615384 0.042067307692307696
0 0.6021634615384616 0.3449519230769231 0.036057692307692304 0.06610576923076923
0 0.7319711538461539 0.359375 0.042067307692307696 0.06971153846153846
1 0.9242788461538461 0.3004807692307692 0.014423076923076924 0.07572115384615384