0 0.5420673076923077 0.5817307692307693 0.09975961538461539 0.15144230769230768
0 0.030048076923076924 0.44350961538461536 0.020432692307692308 0.03485576923076923
0 0.12620192307692307 0.47716346153846156 0.008413461538461538 0.03245192307692308
0 0.23798076923076922 0.4699519230769231 0.013221153846153846 0.030048076923076924
0 0.2704326923076923 0.4579326923076923 0.021634615384615384 0.03245192307692308
0 0.375 0.47716346153846156 0.014423076923076924 0.036057692307692304
1 0.34615384615384615 0.44711538461538464 0.02283653846153846 0.037259615384615384
0 0.43028846153846156 0.4495192307692308 0.016826923076923076 0.037259615384615384
0 0.49158653846153844 0.45552884615384615 0.020432692307692308 0.038461538461538464
0 0.6514423076923077 0.4651442307692308 0.015625 0.037259615384615384
0 0.6935096153846154 0.4495192307692308 0.009615384615384616 0.03125
0 0.7355769230769231 0.47596153846153844 0.014423076923076924 0.03125
0 0.8701923076923077 0.3329326923076923 0.016826923076923076 0.02283653846153846
0 0.9362980769230769 0.4543269230769231 0.008413461538461538 0.026442307692307692
1 0.8846153846153846 0.45072115384615385 0.016826923076923076 0.03485576923076923
0 0.8870192307692307 0.39663461538461536 0.015625 0.026442307692307692