0 0.0829326923076923 0.23317307692307693 0.04567307692307692 0.06610576923076923
0 0.18629807692307693 0.1141826923076923 0.03365384615384615 0.04927884615384615
0 0.2536057692307692 0.28125 0.04326923076923077 0.06129807692307692
0 0.36899038461538464 0.08653846153846154 0.03245192307692308 0.042067307692307696
0 0.41346153846153844 0.14543269230769232 0.040865384615384616 0.0625
0 0.5168269230769231 0.3545673076923077 0.052884615384615384 0.08774038461538461
0 0.453125 0.08173076923076923 0.036057692307692304 0.054086538461538464
0 0.5180288461538461 0.09014423076923077 0.03365384615384615 0.051682692307692304
0 0.6177884615384616 0.2644230769230769 0.04447115384615385 0.06850961538461539
0 0.6057692307692307 0.20673076923076922 0.03485576923076923 0.055288461538461536
1 0.41947115384615385 0.07451923076923077 0.026442307692307692 0.03245192307692308
1 0.5913461538461539 0.10096153846153846 0.02403846153846154 0.040865384615384616
0 0.5985576923076923 0.038461538461538464 0.02403846153846154 0.03365384615384615
0 0.6634615384615384 0.13341346153846154 0.03245192307692308 0.042067307692307696
1 0.6274038461538461 0.02283653846153846 0.02403846153846154 0.036057692307692304
1 0.6947115384615384 0.07451923076923077 0.025240384615384616 0.046875
0 0.7463942307692307 0.056490384615384616 0.030048076923076924 0.04807692307692308
0 0.765625 0.05889423076923077 0.010817307692307692 0.03485576923076923
1 0.7247596153846154 0.051682692307692304 0.018028846153846152 0.03485576923076923
1 0.8798076923076923 0.056490384615384616 0.028846153846153848 0.039663461538461536
0 0.9519230769230769 0.0985576923076923 0.03125 0.04567307692307692