1 0.1310096153846154 0.9122596153846154 0.04567307692307692 0.06850961538461539
1 0.028846153846153848 0.6778846153846154 0.040865384615384616 0.06370192307692307
1 0.1502403846153846 0.6850961538461539 0.038461538461538464 0.06610576923076923
1 0.04326923076923077 0.5757211538461539 0.03365384615384615 0.05889423076923077
1 0.16466346153846154 0.5336538461538461 0.04326923076923077 0.06490384615384616
1 0.057692307692307696 0.4387019230769231 0.036057692307692304 0.06009615384615385
1 0.16346153846153846 0.4423076923076923 0.03485576923076923 0.040865384615384616
1 0.20192307692307693 0.3858173076923077 0.03365384615384615 0.051682692307692304
1 0.06490384615384616 0.28966346153846156 0.03245192307692308 0.052884615384615384
1 0.09735576923076923 0.24158653846153846 0.026442307692307692 0.040865384615384616
1 0.21033653846153846 0.25961538461538464 0.03485576923076923 0.057692307692307696
1 0.11899038461538461 0.11658653846153846 0.03245192307692308 0.04807692307692308
1 0.20793269230769232 0.13221153846153846 0.03365384615384615 0.055288461538461536
1 0.22716346153846154 0.06610576923076923 0.030048076923076924 0.046875
1 0.3954326923076923 0.12379807692307693 0.018028846153846152 0.042067307692307696
0 0.47115384615384615 0.109375 0.020432692307692308 0.04447115384615385
0 0.5168269230769231 0.09615384615384616 0.02283653846153846 0.042067307692307696
1 0.4543269230769231 0.14302884615384615 0.028846153846153848 0.04447115384615385
1 0.4579326923076923 0.20192307692307693 0.026442307692307692 0.04447115384615385
0 0.4375 0.3016826923076923 0.028846153846153848 0.042067307692307696
1 0.4735576923076923 0.35216346153846156 0.020432692307692308 0.04807692307692308
1 0.453125 0.4026442307692308 0.021634615384615384 0.04807692307692308
1 0.45552884615384615 0.49038461538461536 0.03125 0.052884615384615384
1 0.43149038461538464 0.5841346153846154 0.037259615384615384 0.054086538461538464
1 0.46634615384615385 0.6586538461538461 0.03245192307692308 0.04447115384615385
1 0.47596153846153844 0.8413461538461539 0.03485576923076923 0.039663461538461536
1 0.49158653846153844 0.9338942307692307 0.042067307692307696 0.06610576923076923
1 0.46153846153846156 0.9170673076923077 0.015625 0.046875
0 0.5228365384615384 0.44591346153846156 0.03125 0.05048076923076923
1 0.5528846153846154 0.48677884615384615 0.03485576923076923 0.06129807692307692
1 0.5612980769230769 0.3918269230769231 0.03365384615384615 0.052884615384615384
1 0.5336538461538461 0.3858173076923077 0.025240384615384616 0.04807692307692308
1 0.5252403846153846 0.20793269230769232 0.018028846153846152 0.039663461538461536
1 0.5456730769230769 0.23076923076923078 0.028846153846153848 0.04807692307692308
1 0.5805288461538461 0.109375 0.026442307692307692 0.046875
1 0.5877403846153846 0.2512019230769231 0.028846153846153848 0.046875
1 0.6358173076923077 0.24158653846153846 0.02403846153846154 0.039663461538461536
1 0.6382211538461539 0.3485576923076923 0.03365384615384615 0.05048076923076923
1 0.6153846153846154 0.5264423076923077 0.028846153846153848 0.038461538461538464
1 0.5612980769230769 0.671875 0.027644230769230768 0.056490384615384616
1 0.5985576923076923 0.7223557692307693 0.036057692307692304 0.06009615384615385
1 0.6430288461538461 0.71875 0.03365384615384615 0.057692307692307696
1 0.6490384615384616 0.5504807692307693 0.03365384615384615 0.05889423076923077
1 0.6382211538461539 0.9447115384615384 0.028846153846153848 0.06129807692307692
1 0.6177884615384616 0.15384615384615385 0.027644230769230768 0.039663461538461536
1 0.6574519230769231 0.125 0.019230769230769232 0.038461538461538464
1 0.6478365384615384 0.07091346153846154 0.02403846153846154 0.03125
1 0.7139423076923077 0.0985576923076923 0.021634615384615384 0.03485576923076923
1 0.6899038461538461 0.1310096153846154 0.025240384615384616 0.03125
1 0.71875 0.17427884615384615 0.028846153846153848 0.038461538461538464
1 0.7055288461538461 0.2764423076923077 0.03365384615384615 0.04447115384615385
1 0.7283653846153846 0.2548076923076923 0.01201923076923077 0.04567307692307692
1 0.6995192307692307 0.375 0.03365384615384615 0.042067307692307696
1 0.7295673076923077 0.4230769230769231 0.03365384615384615 0.051682692307692304
1 0.7548076923076923 0.43028846153846156 0.016826923076923076 0.042067307692307696
1 0.7427884615384616 0.5324519230769231 0.03365384615384615 0.05048076923076923
1 0.734375 0.6706730769230769 0.037259615384615384 0.04447115384615385
1 0.7680288461538461 0.8052884615384616 0.036057692307692304 0.054086538461538464
1 0.7848557692307693 0.8774038461538461 0.02283653846153846 0.03485576923076923
1 0.8016826923076923 0.9711538461538461 0.03485576923076923 0.055288461538461536
1 0.7596153846153846 0.10096153846153846 0.016826923076923076 0.028846153846153848