1 0.046875 0.4567307692307692 0.02403846153846154 0.06610576923076923
1 0.18509615384615385 0.40625 0.026442307692307692 0.06971153846153846
1 0.028846153846153848 0.3762019230769231 0.028846153846153848 0.051682692307692304
1 0.09134615384615384 0.40625 0.026442307692307692 0.055288461538461536
1 0.13822115384615385 0.3557692307692308 0.028846153846153848 0.051682692307692304
1 0.22596153846153846 0.3629807692307692 0.016826923076923076 0.051682692307692304
1 0.3112980769230769 0.36778846153846156 0.030048076923076924 0.0625
1 0.3713942307692308 0.3762019230769231 0.026442307692307692 0.051682692307692304
1 0.4110576923076923 0.4182692307692308 0.021634615384615384 0.051682692307692304
1 0.4579326923076923 0.39903846153846156 0.028846153846153848 0.04807692307692308
1 0.5108173076923077 0.39903846153846156 0.026442307692307692 0.055288461538461536
1 0.5588942307692307 0.4050480769230769 0.021634615384615384 0.04567307692307692
1 0.27524038461538464 0.3954326923076923 0.028846153846153848 0.06971153846153846
1 0.6129807692307693 0.3798076923076923 0.026442307692307692 0.04567307692307692
1 0.6899038461538461 0.3473557692307692 0.02403846153846154 0.04807692307692308
1 0.4879807692307692 0.36658653846153844 0.019230769230769232 0.05889423076923077
1 0.7319711538461539 0.38221153846153844 0.019230769230769232 0.055288461538461536
1 0.6394230769230769 0.3557692307692308 0.021634615384615384 0.05889423076923077
1 0.7692307692307693 0.4026442307692308 0.026442307692307692 0.055288461538461536
1 0.8413461538461539 0.3894230769230769 0.021634615384615384 0.042067307692307696
1 0.7692307692307693 0.3473557692307692 0.016826923076923076 0.03485576923076923
1 0.8665865384615384 0.3870192307692308 0.015625 0.038461538461538464
1 0.9435096153846154 0.3894230769230769 0.021634615384615384 0.042067307692307696
1 0.9831730769230769 0.3557692307692308 0.019230769230769232 0.038461538461538464
1 0.9230769230769231 0.36778846153846156 0.015625 0.03485576923076923