0 0.0829326923076923 0.2644230769230769 0.046875 0.09134615384615384
0 0.1658653846153846 0.31490384615384615 0.046875 0.08413461538461539
0 0.35336538461538464 0.2980769230769231 0.04807692307692308 0.09254807692307693
0 0.3004807692307692 0.234375 0.028846153846153848 0.06009615384615385
0 0.3701923076923077 0.23197115384615385 0.028846153846153848 0.046875
0 0.40625 0.27884615384615385 0.04326923076923077 0.06610576923076923
0 0.4326923076923077 0.2512019230769231 0.019230769230769232 0.055288461538461536
0 0.45552884615384615 0.47596153846153844 0.046875 0.08774038461538461
0 0.47836538461538464 0.27163461538461536 0.03125 0.057692307692307696
0 0.5264423076923077 0.265625 0.030048076923076924 0.06610576923076923
0 0.5612980769230769 0.27884615384615385 0.04326923076923077 0.07932692307692307
0 0.6141826923076923 0.30528846153846156 0.038461538461538464 0.0733173076923077
0 0.6526442307692307 0.3317307692307692 0.046875 0.09014423076923077
0 0.7139423076923077 0.3545673076923077 0.055288461538461536 0.0985576923076923
0 0.71875 0.2127403846153846 0.028846153846153848 0.07091346153846154
0 0.7680288461538461 0.25841346153846156 0.042067307692307696 0.0733173076923077
1 0.8088942307692307 0.25721153846153844 0.038461538461538464 0.057692307692307696
0 0.8822115384615384 0.23798076923076922 0.042067307692307696 0.07091346153846154
0 0.9387019230769231 0.25600961538461536 0.046875 0.08173076923076923
0 0.8401442307692307 0.2536057692307692 0.02403846153846154 0.046875