0 0.040865384615384616 0.8822115384615384 0.0673076923076923 0.1141826923076923
0 0.125 0.7848557692307693 0.06490384615384616 0.11057692307692307
0 0.16706730769230768 0.7151442307692307 0.05048076923076923 0.09495192307692307
1 0.09495192307692307 0.47836538461538464 0.04447115384615385 0.07211538461538461
0 0.0829326923076923 0.35336538461538464 0.038461538461538464 0.0889423076923077
0 0.025240384615384616 0.31850961538461536 0.036057692307692304 0.0733173076923077
1 0.08052884615384616 0.04567307692307692 0.04807692307692308 0.07932692307692307
0 0.296875 0.0733173076923077 0.052884615384615384 0.0829326923076923
0 0.25841346153846156 0.2692307692307692 0.052884615384615384 0.07211538461538461
0 0.26322115384615385 0.4963942307692308 0.046875 0.09134615384615384
0 0.3737980769230769 0.9266826923076923 0.07091346153846154 0.1045673076923077
0 0.5180288461538461 0.7475961538461539 0.06490384615384616 0.08052884615384616
0 0.5649038461538461 0.8245192307692307 0.07211538461538461 0.10216346153846154
0 0.4963942307692308 0.42908653846153844 0.057692307692307696 0.09134615384615384
0 0.4831730769230769 0.2764423076923077 0.0625 0.08653846153846154
0 0.4891826923076923 0.14783653846153846 0.056490384615384616 0.0733173076923077
0 0.640625 0.49158653846153844 0.04807692307692308 0.08173076923076923
0 0.6598557692307693 0.27163461538461536 0.052884615384615384 0.09134615384615384
0 0.7463942307692307 0.26802884615384615 0.057692307692307696 0.09375
0 0.9326923076923077 0.6430288461538461 0.06971153846153846 0.07451923076923077
0 0.8918269230769231 0.34615384615384615 0.06129807692307692 0.0829326923076923
0 0.8221153846153846 0.20072115384615385 0.046875 0.0733173076923077
0 0.8197115384615384 0.0889423076923077 0.04567307692307692 0.06370192307692307