0 0.03245192307692308 0.17668269230769232 0.02403846153846154 0.06370192307692307
0 0.0829326923076923 0.109375 0.026442307692307692 0.06009615384615385
0 0.11658653846153846 0.203125 0.027644230769230768 0.055288461538461536
0 0.20192307692307693 0.18389423076923078 0.03365384615384615 0.07451923076923077
0 0.2668269230769231 0.21394230769230768 0.054086538461538464 0.0829326923076923
0 0.3112980769230769 0.1201923076923077 0.028846153846153848 0.07451923076923077
0 0.36538461538461536 0.11899038461538461 0.02403846153846154 0.05889423076923077
0 0.5240384615384616 0.20552884615384615 0.039663461538461536 0.08774038461538461
0 0.6021634615384616 0.17548076923076922 0.037259615384615384 0.09495192307692307
0 0.7151442307692307 0.17548076923076922 0.054086538461538464 0.1141826923076923
0 0.8040865384615384 0.19230769230769232 0.046875 0.10216346153846154
0 0.8942307692307693 0.15865384615384615 0.037259615384615384 0.06610576923076923
1 0.9074519230769231 0.45552884615384615 0.027644230769230768 0.07211538461538461