0 0.26802884615384615 0.23918269230769232 0.04447115384615385 0.09014423076923077
0 0.40024038461538464 0.2247596153846154 0.04927884615384615 0.09014423076923077
0 0.7884615384615384 0.13701923076923078 0.05048076923076923 0.09495192307692307
0 0.8858173076923077 0.15264423076923078 0.008413461538461538 0.026442307692307692
1 0.6875 0.14543269230769232 0.004807692307692308 0.013221153846153846
0 0.609375 0.15504807692307693 0.006009615384615385 0.01201923076923077
0 0.5168269230769231 0.16947115384615385 0.004807692307692308 0.010817307692307692
0 0.5396634615384616 0.16466346153846154 0.004807692307692308 0.008413461538461538
0 0.5432692307692307 0.16466346153846154 0.004807692307692308 0.010817307692307692
0 0.5649038461538461 0.15865384615384615 0.004807692307692308 0.008413461538461538
0 0.5745192307692307 0.1622596153846154 0.004807692307692308 0.008413461538461538