1 0.14903846153846154 0.8413461538461539 0.11658653846153846 0.21394230769230768
1 0.06370192307692307 0.5877403846153846 0.10336538461538461 0.13822115384615385
0 0.04326923076923077 0.38822115384615385 0.08052884615384616 0.09735576923076923
0 0.13942307692307693 0.36778846153846156 0.0889423076923077 0.16706730769230768
0 0.20793269230769232 0.34375 0.040865384615384616 0.08413461538461539
1 0.27403846153846156 0.41225961538461536 0.09375 0.17307692307692307
0 0.3449519230769231 0.6778846153846154 0.11298076923076923 0.19230769230769232
0 0.4423076923076923 0.6466346153846154 0.08653846153846154 0.14423076923076922
0 0.5865384615384616 0.6382211538461539 0.13341346153846154 0.22956730769230768
0 0.4963942307692308 0.4411057692307692 0.042067307692307696 0.14543269230769232
1 0.35697115384615385 0.36177884615384615 0.06490384615384616 0.13341346153846154
0 0.4519230769230769 0.31009615384615385 0.06971153846153846 0.125
1 0.5817307692307693 0.27884615384615385 0.0625 0.1141826923076923
1 0.21033653846153846 0.18269230769230768 0.054086538461538464 0.09975961538461539
0 0.17307692307692307 0.20432692307692307 0.03485576923076923 0.08413461538461539
0 0.12139423076923077 0.13701923076923078 0.040865384615384616 0.07451923076923077
0 0.028846153846153848 0.20673076923076922 0.057692307692307696 0.11778846153846154
1 0.07211538461538461 0.1971153846153846 0.037259615384615384 0.07451923076923077
0 0.19471153846153846 0.042067307692307696 0.026442307692307692 0.04807692307692308
0 0.24278846153846154 0.11778846153846154 0.021634615384615384 0.04567307692307692
0 0.2620192307692308 0.1875 0.04326923076923077 0.08413461538461539
0 0.40865384615384615 0.31850961538461536 0.039663461538461536 0.10336538461538461
0 0.3786057692307692 0.21394230769230768 0.038461538461538464 0.0625
0 0.3329326923076923 0.1622596153846154 0.037259615384615384 0.05889423076923077
0 0.375 0.15504807692307693 0.04326923076923077 0.056490384615384616
0 0.3317307692307692 0.054086538461538464 0.026442307692307692 0.055288461538461536
0 0.2920673076923077 0.05889423076923077 0.010817307692307692 0.039663461538461536
0 0.3942307692307692 0.078125 0.02283653846153846 0.04567307692307692
0 0.4110576923076923 0.1141826923076923 0.030048076923076924 0.04567307692307692
1 0.47836538461538464 0.12139423076923077 0.038461538461538464 0.0733173076923077
0 0.5108173076923077 0.20673076923076922 0.042067307692307696 0.09254807692307693
0 0.5036057692307693 0.2776442307692308 0.040865384615384616 0.08533653846153846
0 0.515625 0.04927884615384615 0.013221153846153846 0.051682692307692304
0 0.5769230769230769 0.057692307692307696 0.021634615384615384 0.040865384615384616
0 0.6358173076923077 0.039663461538461536 0.026442307692307692 0.052884615384615384
1 0.6538461538461539 0.16826923076923078 0.04447115384615385 0.07692307692307693
1 0.625 0.2692307692307692 0.026442307692307692 0.09375
0 0.6790865384615384 0.375 0.0625 0.10336538461538461
0 0.6862980769230769 0.18028846153846154 0.027644230769230768 0.07091346153846154
1 0.6971153846153846 0.06009615384615385 0.020432692307692308 0.04447115384615385
0 0.6802884615384616 0.5228365384615384 0.027644230769230768 0.07692307692307693
0 0.7475961538461539 0.5769230769230769 0.08173076923076923 0.17307692307692307
0 0.8149038461538461 0.7728365384615384 0.12259615384615384 0.24759615384615385
0 0.8473557692307693 0.27884615384615385 0.06009615384615385 0.1141826923076923
1 0.9543269230769231 0.31850961538461536 0.025240384615384616 0.09975961538461539
0 0.8942307692307693 0.2608173076923077 0.03365384615384615 0.10096153846153846
0 0.7391826923076923 0.3581730769230769 0.051682692307692304 0.07451923076923077
0 0.7956730769230769 0.21033653846153846 0.04927884615384615 0.08413461538461539
0 0.7800480769230769 0.11177884615384616 0.04447115384615385 0.08774038461538461
1 0.8257211538461539 0.08774038461538461 0.030048076923076924 0.08173076923076923
0 0.9110576923076923 0.12620192307692307 0.020432692307692308 0.06009615384615385