0 0.11899038461538461 0.6117788461538461 0.06971153846153846 0.08533653846153846
0 0.24639423076923078 0.5612980769230769 0.06129807692307692 0.07932692307692307
0 0.3112980769230769 0.5336538461538461 0.046875 0.0733173076923077
0 0.38100961538461536 0.8233173076923077 0.07451923076923077 0.09975961538461539
0 0.4723557692307692 0.4723557692307692 0.06490384615384616 0.08653846153846154
0 0.7668269230769231 0.46153846153846156 0.07932692307692307 0.10817307692307693
0 0.9314903846153846 0.53125 0.038461538461538464 0.07451923076923077
0 0.5300480769230769 0.3918269230769231 0.037259615384615384 0.07451923076923077
0 0.6225961538461539 0.3545673076923077 0.025240384615384616 0.06370192307692307
0 0.5588942307692307 0.2608173076923077 0.03485576923076923 0.056490384615384616
0 0.46153846153846156 0.2283653846153846 0.025240384615384616 0.046875
0 0.15985576923076922 0.4423076923076923 0.03365384615384615 0.06610576923076923
1 0.2692307692307692 0.36778846153846156 0.036057692307692304 0.04807692307692308
0 0.14783653846153846 0.36177884615384615 0.025240384615384616 0.039663461538461536
0 0.3545673076923077 0.4170673076923077 0.042067307692307696 0.057692307692307696
0 0.3112980769230769 0.25841346153846156 0.021634615384615384 0.04326923076923077
0 0.1502403846153846 0.2512019230769231 0.025240384615384616 0.04326923076923077
0 0.2091346153846154 0.31971153846153844 0.02403846153846154 0.036057692307692304
0 0.09495192307692307 0.34134615384615385 0.021634615384615384 0.039663461538461536
0 0.07572115384615384 0.2824519230769231 0.018028846153846152 0.03125
0 0.22235576923076922 0.2127403846153846 0.020432692307692308 0.030048076923076924