0 0.07692307692307693 0.6454326923076923 0.13341346153846154 0.2860576923076923
0 0.3245192307692308 0.390625 0.030048076923076924 0.06009615384615385
0 0.40625 0.39903846153846156 0.03365384615384615 0.07451923076923077
0 0.5456730769230769 0.3161057692307692 0.03245192307692308 0.06129807692307692
0 0.13221153846153846 0.4074519230769231 0.015625 0.028846153846153848
0 0.4411057692307692 0.3641826923076923 0.014423076923076924 0.028846153846153848
0 0.4891826923076923 0.36538461538461536 0.016826923076923076 0.036057692307692304
0 0.640625 0.3401442307692308 0.019230769230769232 0.025240384615384616
0 0.7019230769230769 0.3581730769230769 0.030048076923076924 0.051682692307692304
0 0.8990384615384616 0.3004807692307692 0.171875 0.32091346153846156
1 0.7307692307692307 0.30649038461538464 0.014423076923076924 0.03485576923076923
0 0.21514423076923078 0.39903846153846156 0.010817307692307692 0.036057692307692304