0 0.1935096153846154 0.4483173076923077 0.07932692307692307 0.14543269230769232
1 0.390625 0.6129807692307693 0.14182692307692307 0.2956730769230769
0 0.09014423076923077 0.3401442307692308 0.06129807692307692 0.11778846153846154
1 0.16466346153846154 0.1778846153846154 0.04567307692307692 0.10216346153846154
1 0.21995192307692307 0.3293269230769231 0.054086538461538464 0.09254807692307693
0 0.28125 0.2608173076923077 0.051682692307692304 0.07932692307692307
0 0.3485576923076923 0.23798076923076922 0.06129807692307692 0.08653846153846154
0 0.4254807692307692 0.2860576923076923 0.04927884615384615 0.08173076923076923
0 0.47115384615384615 0.3557692307692308 0.05889423076923077 0.10817307692307693
0 0.5456730769230769 0.36778846153846156 0.0673076923076923 0.08533653846153846
1 0.46274038461538464 0.17067307692307693 0.036057692307692304 0.07091346153846154
0 0.3798076923076923 0.09615384615384616 0.02283653846153846 0.04326923076923077
0 0.4651442307692308 0.07932692307692307 0.02403846153846154 0.04326923076923077
0 0.6742788461538461 0.45552884615384615 0.09134615384615384 0.15504807692307693
0 0.12980769230769232 0.20192307692307693 0.036057692307692304 0.0829326923076923
0 0.2644230769230769 0.1814903846153846 0.04447115384615385 0.0673076923076923
0 0.5757211538461539 0.055288461538461536 0.015625 0.03125
0 0.796875 0.9026442307692307 0.06850961538461539 0.19110576923076922
0 0.8389423076923077 0.5408653846153846 0.08653846153846154 0.171875
0 0.8245192307692307 0.2860576923076923 0.0673076923076923 0.10216346153846154
0 0.8161057692307693 0.42427884615384615 0.037259615384615384 0.09254807692307693
0 0.7764423076923077 0.20793269230769232 0.04447115384615385 0.10096153846153846
0 0.8689903846153846 0.17307692307692307 0.03365384615384615 0.0673076923076923