0 0.1875 0.2956730769230769 0.052884615384615384 0.07572115384615384
0 0.4026442307692308 0.2668269230769231 0.06610576923076923 0.10216346153846154
0 0.5721153846153846 0.2644230769230769 0.055288461538461536 0.08653846153846154
1 0.7512019230769231 0.265625 0.052884615384615384 0.0733173076923077
1 0.9507211538461539 0.28846153846153844 0.051682692307692304 0.06971153846153846
1 0.9651442307692307 0.08653846153846154 0.03365384615384615 0.04567307692307692
1 0.6346153846153846 0.040865384615384616 0.018028846153846152 0.039663461538461536
1 0.5721153846153846 0.052884615384615384 0.014423076923076924 0.030048076923076924
1 0.8185096153846154 0.12379807692307693 0.01201923076923077 0.026442307692307692
1 0.7439903846153846 0.12259615384615384 0.014423076923076924 0.021634615384615384
1 0.7067307692307693 0.11538461538461539 0.014423076923076924 0.02283653846153846
0 0.4362980769230769 0.09975961538461539 0.018028846153846152 0.028846153846153848
1 0.36778846153846156 0.11899038461538461 0.014423076923076924 0.020432692307692308
1 0.2127403846153846 0.0985576923076923 0.016826923076923076 0.02403846153846154
1 0.15264423076923078 0.10216346153846154 0.019230769230769232 0.03245192307692308
1 0.06850961538461539 0.09495192307692307 0.013221153846153846 0.030048076923076924
1 0.01201923076923077 0.09134615384615384 0.020432692307692308 0.026442307692307692