0 0.9399038461538461 0.15865384615384615 0.06971153846153846 0.1201923076923077
0 0.6346153846153846 0.09975961538461539 0.057692307692307696 0.0985576923076923
0 0.5516826923076923 0.16706730769230768 0.06370192307692307 0.11538461538461539
0 0.34975961538461536 0.37740384615384615 0.057692307692307696 0.08774038461538461
0 0.28966346153846156 0.13341346153846154 0.04447115384615385 0.07451923076923077
0 0.7572115384615384 0.13942307692307693 0.028846153846153848 0.040865384615384616
0 0.44350961538461536 0.06610576923076923 0.02403846153846154 0.055288461538461536
0 0.125 0.0985576923076923 0.03245192307692308 0.06610576923076923
0 0.20552884615384615 0.13221153846153846 0.027644230769230768 0.04567307692307692
0 0.3137019230769231 0.07932692307692307 0.025240384615384616 0.055288461538461536
0 0.48197115384615385 0.109375 0.02403846153846154 0.057692307692307696