0 0.0889423076923077 0.29927884615384615 0.056490384615384616 0.08653846153846154
1 0.24158653846153846 0.35697115384615385 0.04807692307692308 0.0733173076923077
0 0.34375 0.2692307692307692 0.051682692307692304 0.08533653846153846
0 0.36658653846153844 0.6826923076923077 0.10216346153846154 0.19831730769230768
0 0.4074519230769231 0.47475961538461536 0.08653846153846154 0.13221153846153846
0 0.5324519230769231 0.2536057692307692 0.030048076923076924 0.06009615384615385
0 0.6153846153846154 0.4338942307692308 0.09014423076923077 0.15384615384615385
1 0.6730769230769231 0.20432692307692307 0.03365384615384615 0.06850961538461539
0 0.6959134615384616 0.30408653846153844 0.04447115384615385 0.07451923076923077
0 0.7716346153846154 0.4495192307692308 0.056490384615384616 0.09495192307692307
0 0.7920673076923077 0.27884615384615385 0.051682692307692304 0.08052884615384616
0 0.890625 0.5264423076923077 0.11658653846153846 0.16466346153846154
0 0.9290865384615384 0.21153846153846154 0.038461538461538464 0.06009615384615385
0 0.8725961538461539 0.21394230769230768 0.039663461538461536 0.06490384615384616
0 0.027644230769230768 0.609375 0.055288461538461536 0.11538461538461539