1 0.037259615384615384 0.2283653846153846 0.042067307692307696 0.07692307692307693
0 0.09735576923076923 0.2824519230769231 0.06850961538461539 0.13221153846153846
0 0.15745192307692307 0.27524038461538464 0.028846153846153848 0.042067307692307696
0 0.30288461538461536 0.23317307692307693 0.055288461538461536 0.09615384615384616
0 0.34975961538461536 0.2692307692307692 0.03365384615384615 0.07091346153846154
0 0.53125 0.2920673076923077 0.038461538461538464 0.07091346153846154
1 0.5817307692307693 0.24519230769230768 0.037259615384615384 0.07211538461538461
0 0.6262019230769231 0.3161057692307692 0.04326923076923077 0.07211538461538461
0 0.7908653846153846 0.3425480769230769 0.054086538461538464 0.09014423076923077
1 0.39903846153846156 0.3557692307692308 0.026442307692307692 0.038461538461538464
0 0.9447115384615384 0.22956730769230768 0.019230769230769232 0.03245192307692308
0 0.7043269230769231 0.23798076923076922 0.02283653846153846 0.04326923076923077