1 0.8978365384615384 0.390625 0.025240384615384616 0.04447115384615385
1 0.8257211538461539 0.39783653846153844 0.021634615384615384 0.04567307692307692
1 0.7463942307692307 0.4074519230769231 0.027644230769230768 0.051682692307692304
1 0.7283653846153846 0.35096153846153844 0.019230769230769232 0.037259615384615384
1 0.6694711538461539 0.4182692307692308 0.02283653846153846 0.06370192307692307
1 0.6045673076923077 0.41225961538461536 0.020432692307692308 0.046875
1 0.5204326923076923 0.41346153846153844 0.018028846153846152 0.042067307692307696
1 0.3245192307692308 0.4855769230769231 0.020432692307692308 0.042067307692307696
1 0.4110576923076923 0.3858173076923077 0.025240384615384616 0.04447115384615385
1 0.25600961538461536 0.5096153846153846 0.020432692307692308 0.04326923076923077
1 0.17067307692307693 0.5 0.02283653846153846 0.04326923076923077
1 0.07572115384615384 0.5276442307692307 0.025240384615384616 0.03485576923076923