0 0.19831730769230768 0.078125 0.009615384615384616 0.021634615384615384
0 0.21634615384615385 0.08052884615384616 0.01201923076923077 0.027644230769230768
0 0.25600961538461536 0.07211538461538461 0.013221153846153846 0.030048076923076924
0 0.3233173076923077 0.054086538461538464 0.025240384615384616 0.05889423076923077
0 0.3016826923076923 0.14182692307692307 0.030048076923076924 0.036057692307692304
0 0.14903846153846154 0.09254807692307693 0.027644230769230768 0.06129807692307692
0 0.4519230769230769 0.11538461538461539 0.018028846153846152 0.0625
0 0.5024038461538461 0.1310096153846154 0.038461538461538464 0.08413461538461539
0 0.59375 0.1971153846153846 0.014423076923076924 0.02403846153846154
0 0.6959134615384616 0.12379807692307693 0.039663461538461536 0.07692307692307693
0 0.875 0.14423076923076922 0.037259615384615384 0.09495192307692307