1 0.020432692307692308 0.21394230769230768 0.03485576923076923 0.06129807692307692
1 0.06610576923076923 0.18629807692307693 0.04807692307692308 0.07211538461538461
1 0.12980769230769232 0.1778846153846154 0.03125 0.052884615384615384
1 0.13341346153846154 0.234375 0.02283653846153846 0.07451923076923077
1 0.0625 0.390625 0.03245192307692308 0.06129807692307692
0 0.09254807692307693 0.5120192307692307 0.057692307692307696 0.09615384615384616
0 0.14543269230769232 0.6225961538461539 0.06129807692307692 0.1045673076923077
1 0.28365384615384615 0.9519230769230769 0.08413461538461539 0.09134615384615384
1 0.28365384615384615 0.046875 0.028846153846153848 0.05048076923076923
1 0.2956730769230769 0.1622596153846154 0.040865384615384616 0.06971153846153846
1 0.3473557692307692 0.203125 0.03245192307692308 0.0733173076923077
1 0.3798076923076923 0.21875 0.030048076923076924 0.0733173076923077
1 0.2608173076923077 0.37740384615384615 0.042067307692307696 0.06490384615384616
0 0.3329326923076923 0.5360576923076923 0.04807692307692308 0.09134615384615384
0 0.41346153846153844 0.53125 0.042067307692307696 0.08774038461538461
1 0.4963942307692308 0.20552884615384615 0.03365384615384615 0.055288461538461536
1 0.5324519230769231 0.20673076923076922 0.028846153846153848 0.06009615384615385
0 0.5853365384615384 0.25841346153846156 0.030048076923076924 0.09615384615384616
1 0.6730769230769231 0.12860576923076922 0.04447115384615385 0.09134615384615384
1 0.7548076923076923 0.15865384615384615 0.03485576923076923 0.06370192307692307
0 0.8846153846153846 0.15625 0.054086538461538464 0.08774038461538461
0 0.8701923076923077 0.3112980769230769 0.05048076923076923 0.11538461538461539
1 0.2860576923076923 0.05048076923076923 0.03365384615384615 0.039663461538461536