1 0.10817307692307693 0.08653846153846154 0.039663461538461536 0.06490384615384616
1 0.17548076923076922 0.21394230769230768 0.046875 0.06610576923076923
1 0.16706730769230768 0.3713942307692308 0.051682692307692304 0.07932692307692307
0 0.13581730769230768 0.5480769230769231 0.05048076923076923 0.07211538461538461
1 0.47115384615384615 0.1502403846153846 0.040865384615384616 0.0673076923076923
0 0.42788461538461536 0.30408653846153844 0.04927884615384615 0.0673076923076923
0 0.4675480769230769 0.40024038461538464 0.046875 0.06610576923076923
0 0.44471153846153844 0.5769230769230769 0.052884615384615384 0.07932692307692307
0 0.7391826923076923 0.06129807692307692 0.04447115384615385 0.0625
0 0.8197115384615384 0.16346153846153846 0.05048076923076923 0.06610576923076923
1 0.8052884615384616 0.28846153846153844 0.04326923076923077 0.052884615384615384
1 0.7019230769230769 0.4254807692307692 0.046875 0.07211538461538461
0 0.7920673076923077 0.6237980769230769 0.04927884615384615 0.04447115384615385