0 0.7139423076923077 0.34975961538461536 0.06009615384615385 0.11538461538461539
0 0.8161057692307693 0.3737980769230769 0.06370192307692307 0.15745192307692307
0 0.24519230769230768 0.33774038461538464 0.04927884615384615 0.13221153846153846
0 0.3894230769230769 0.40384615384615385 0.03245192307692308 0.08653846153846154
0 0.46875 0.3858173076923077 0.028846153846153848 0.06370192307692307
0 0.5300480769230769 0.39903846153846156 0.039663461538461536 0.0829326923076923
0 0.6153846153846154 0.3701923076923077 0.03125 0.07451923076923077
0 0.9375 0.3701923076923077 0.03245192307692308 0.07692307692307693
0 0.13701923076923078 0.4074519230769231 0.042067307692307696 0.07692307692307693
0 0.019230769230769232 0.40024038461538464 0.03485576923076923 0.06971153846153846
0 0.3425480769230769 0.375 0.03125 0.06009615384615385
0 0.4362980769230769 0.359375 0.03125 0.06971153846153846