0 0.10576923076923077 0.23677884615384615 0.11177884615384616 0.17908653846153846
1 0.23557692307692307 0.11899038461538461 0.06610576923076923 0.08413461538461539
0 0.3545673076923077 0.20673076923076922 0.04447115384615385 0.0889423076923077
0 0.41225961538461536 0.34375 0.08173076923076923 0.12620192307692307
0 0.25600961538461536 0.7487980769230769 0.20793269230769232 0.30528846153846156
0 0.5588942307692307 0.6850961538461539 0.19471153846153846 0.30408653846153844
0 0.6177884615384616 0.39783653846153844 0.09615384615384616 0.16346153846153846
0 0.4987980769230769 0.25 0.06971153846153846 0.1141826923076923
1 0.8305288461538461 0.23918269230769232 0.0829326923076923 0.12860576923076922
0 0.9447115384615384 0.140625 0.09014423076923077 0.11057692307692307
0 0.9555288461538461 0.28725961538461536 0.08173076923076923 0.14302884615384615
0 0.7884615384615384 0.5540865384615384 0.11298076923076923 0.18389423076923078