1 0.04807692307692308 0.038461538461538464 0.056490384615384616 0.07091346153846154
0 0.04807692307692308 0.3473557692307692 0.052884615384615384 0.09134615384615384
0 0.24278846153846154 0.2644230769230769 0.06129807692307692 0.08052884615384616
0 0.2824519230769231 0.06610576923076923 0.06370192307692307 0.09134615384615384
1 0.06129807692307692 0.47115384615384615 0.05048076923076923 0.08533653846153846
0 0.021634615384615384 0.8798076923076923 0.042067307692307696 0.12980769230769232
0 0.09495192307692307 0.7824519230769231 0.07091346153846154 0.11658653846153846
0 0.14302884615384615 0.7127403846153846 0.056490384615384616 0.10817307692307693
0 0.24879807692307693 0.4891826923076923 0.055288461538461536 0.09375
0 0.49278846153846156 0.13581730769230768 0.06129807692307692 0.07572115384615384
0 0.4855769230769231 0.2668269230769231 0.0673076923076923 0.09134615384615384
0 0.5024038461538461 0.4206730769230769 0.06129807692307692 0.09134615384615384
0 0.36658653846153844 0.9230769230769231 0.07091346153846154 0.11177884615384616
0 0.5216346153846154 0.7475961538461539 0.07091346153846154 0.09134615384615384
0 0.5757211538461539 0.8221153846153846 0.07572115384615384 0.11177884615384616
0 0.6610576923076923 0.484375 0.054086538461538464 0.08533653846153846
0 0.6814903846153846 0.2644230769230769 0.06129807692307692 0.0889423076923077
0 0.7764423076923077 0.25841346153846156 0.06009615384615385 0.10096153846153846
0 0.8557692307692307 0.08052884615384616 0.04567307692307692 0.07211538461538461
0 0.9350961538461539 0.3389423076923077 0.0673076923076923 0.0829326923076923
0 0.9663461538461539 0.6382211538461539 0.06129807692307692 0.08653846153846154