1 0.04326923076923077 0.7199519230769231 0.020432692307692308 0.06129807692307692
0 0.09615384615384616 0.7283653846153846 0.04326923076923077 0.07211538461538461
0 0.17427884615384615 0.6971153846153846 0.018028846153846152 0.04447115384615385
0 0.25961538461538464 0.7524038461538461 0.038461538461538464 0.06129807692307692
1 0.32572115384615385 0.5661057692307693 0.02403846153846154 0.046875
0 0.35336538461538464 0.5829326923076923 0.036057692307692304 0.046875
1 0.3954326923076923 0.5961538461538461 0.030048076923076924 0.040865384615384616
1 0.36778846153846156 0.6646634615384616 0.03245192307692308 0.052884615384615384
0 0.32211538461538464 0.6995192307692307 0.036057692307692304 0.051682692307692304
0 0.41346153846153844 0.6754807692307693 0.036057692307692304 0.06129807692307692
0 0.45552884615384615 0.6237980769230769 0.03365384615384615 0.06129807692307692
0 0.546875 0.5925480769230769 0.03125 0.04447115384615385
0 0.5024038461538461 0.6995192307692307 0.038461538461538464 0.0625
0 0.5252403846153846 0.7728365384615384 0.04326923076923077 0.07572115384615384
0 0.5985576923076923 0.5805288461538461 0.037259615384615384 0.057692307692307696
1 0.5733173076923077 0.9627403846153846 0.04807692307692308 0.07211538461538461
0 0.5661057692307693 0.4831730769230769 0.027644230769230768 0.038461538461538464
0 0.5108173076923077 0.44711538461538464 0.02403846153846154 0.039663461538461536
0 0.6141826923076923 0.4879807692307692 0.025240384615384616 0.040865384615384616
0 0.7283653846153846 0.41225961538461536 0.02403846153846154 0.036057692307692304
0 0.7860576923076923 0.42427884615384615 0.018028846153846152 0.03125
0 0.9050480769230769 0.5 0.02403846153846154 0.036057692307692304