0 0.34615384615384615 0.7800480769230769 0.11298076923076923 0.20673076923076922
0 0.5300480769230769 0.13221153846153846 0.042067307692307696 0.09495192307692307
1 0.7331730769230769 0.12259615384615384 0.0625 0.10096153846153846
0 0.6322115384615384 0.37740384615384615 0.051682692307692304 0.10817307692307693
1 0.2824519230769231 0.06490384615384616 0.018028846153846152 0.03365384615384615
1 0.33413461538461536 0.078125 0.018028846153846152 0.036057692307692304
1 0.4230769230769231 0.04927884615384615 0.019230769230769232 0.030048076923076924
0 0.8173076923076923 0.18389423076923078 0.028846153846153848 0.039663461538461536
0 0.6826923076923077 0.06370192307692307 0.02403846153846154 0.040865384615384616
1 0.5889423076923077 0.046875 0.016826923076923076 0.04447115384615385
1 0.6165865384615384 0.014423076923076924 0.013221153846153846 0.027644230769230768
0 0.37259615384615385 0.11538461538461539 0.02283653846153846 0.04807692307692308
0 0.36899038461538464 0.18269230769230768 0.038461538461538464 0.1045673076923077