0 0.08413461538461539 0.3137019230769231 0.04927884615384615 0.10096153846153846
0 0.16706730769230768 0.375 0.04447115384615385 0.09134615384615384
0 0.35216346153846156 0.34975961538461536 0.055288461538461536 0.11298076923076923
0 0.4050480769230769 0.32572115384615385 0.040865384615384616 0.0829326923076923
0 0.45072115384615385 0.5600961538461539 0.052884615384615384 0.09735576923076923
0 0.5252403846153846 0.3137019230769231 0.03125 0.08052884615384616
0 0.5600961538461539 0.3245192307692308 0.04567307692307692 0.09134615384615384
0 0.6117788461538461 0.3581730769230769 0.040865384615384616 0.08052884615384616
0 0.6490384615384616 0.39302884615384615 0.04447115384615385 0.09014423076923077
0 0.7115384615384616 0.41466346153846156 0.055288461538461536 0.10336538461538461
0 0.765625 0.3004807692307692 0.037259615384615384 0.07692307692307693
1 0.8064903846153846 0.3016826923076923 0.037259615384615384 0.06610576923076923
0 0.8822115384615384 0.2800480769230769 0.042067307692307696 0.0889423076923077
0 0.9375 0.30408653846153844 0.04927884615384615 0.10096153846153846
0 0.2980769230769231 0.27884615384615385 0.03365384615384615 0.07211538461538461
0 0.47475961538461536 0.3233173076923077 0.03485576923076923 0.06610576923076923
0 0.36658653846153844 0.2800480769230769 0.037259615384615384 0.06850961538461539
0 0.8389423076923077 0.3004807692307692 0.025240384615384616 0.052884615384615384