0 0.08533653846153846 0.47115384615384615 0.04447115384615385 0.12740384615384615
0 0.28365384615384615 0.4387019230769231 0.039663461538461536 0.10336538461538461
0 0.3329326923076923 0.5012019230769231 0.06009615384615385 0.09735576923076923
0 0.39663461538461536 0.36899038461538464 0.042067307692307696 0.09254807692307693
1 0.44591346153846156 0.3894230769230769 0.054086538461538464 0.10697115384615384
0 0.5072115384615384 0.5024038461538461 0.07572115384615384 0.15504807692307693
1 0.5012019230769231 0.3016826923076923 0.04567307692307692 0.08052884615384616
1 0.5805288461538461 0.2860576923076923 0.05048076923076923 0.10216346153846154
1 0.7019230769230769 0.3425480769230769 0.04807692307692308 0.09254807692307693
0 0.6730769230769231 0.46033653846153844 0.04927884615384615 0.09975961538461539
0 0.7427884615384616 0.43990384615384615 0.051682692307692304 0.11658653846153846
0 0.890625 0.35697115384615385 0.04326923076923077 0.08774038461538461
1 0.7908653846153846 0.4855769230769231 0.0673076923076923 0.11899038461538461
1 0.9567307692307693 0.390625 0.06129807692307692 0.10336538461538461
1 0.18389423076923078 0.3581730769230769 0.030048076923076924 0.056490384615384616
1 0.8149038461538461 0.33774038461538464 0.030048076923076924 0.0625
0 0.9290865384615384 0.32091346153846156 0.026442307692307692 0.052884615384615384