1 0.13581730769230768 0.44350961538461536 0.06370192307692307 0.10697115384615384
1 0.14182692307692307 0.3004807692307692 0.056490384615384616 0.08533653846153846
0 0.21514423076923078 0.2824519230769231 0.04927884615384615 0.06850961538461539
1 0.27403846153846156 0.34375 0.04567307692307692 0.07692307692307693
0 0.30649038461538464 0.265625 0.04447115384615385 0.08413461538461539
1 0.23557692307692307 0.1971153846153846 0.051682692307692304 0.10216346153846154
0 0.12740384615384615 0.625 0.051682692307692304 0.14302884615384615
1 0.1935096153846154 0.6826923076923077 0.07572115384615384 0.1466346153846154
1 0.2644230769230769 0.7956730769230769 0.07572115384615384 0.15745192307692307
0 0.3701923076923077 0.8713942307692307 0.0985576923076923 0.1875
0 0.3713942307692308 0.5144230769230769 0.06490384615384616 0.1310096153846154
0 0.36899038461538464 0.3473557692307692 0.06129807692307692 0.08774038461538461
1 0.36658653846153844 0.17668269230769232 0.038461538461538464 0.06971153846153846
0 0.46274038461538464 0.18870192307692307 0.04326923076923077 0.09495192307692307
0 0.4423076923076923 0.24278846153846154 0.03125 0.08774038461538461
0 0.5108173076923077 0.1875 0.042067307692307696 0.08533653846153846
1 0.5709134615384616 0.13341346153846154 0.040865384615384616 0.08173076923076923
1 0.6189903846153846 0.2091346153846154 0.06370192307692307 0.11298076923076923
0 0.4639423076923077 0.45072115384615385 0.055288461538461536 0.1045673076923077
0 0.45552884615384615 0.625 0.06370192307692307 0.10216346153846154
0 0.5625 0.5084134615384616 0.0625 0.12980769230769232
1 0.48197115384615385 0.8028846153846154 0.04447115384615385 0.10697115384615384
1 0.4326923076923077 0.8377403846153846 0.040865384615384616 0.15745192307692307
0 0.6153846153846154 0.90625 0.0889423076923077 0.16466346153846154
0 0.6430288461538461 0.5612980769230769 0.07091346153846154 0.12259615384615384
0 0.703125 0.7872596153846154 0.052884615384615384 0.15384615384615385
0 0.6790865384615384 0.40865384615384615 0.05048076923076923 0.09615384615384616
0 0.7572115384615384 0.5276442307692307 0.05889423076923077 0.11298076923076923
1 0.6778846153846154 0.1201923076923077 0.04927884615384615 0.08653846153846154
1 0.6766826923076923 0.24158653846153846 0.038461538461538464 0.06610576923076923
1 0.7259615384615384 0.1502403846153846 0.04447115384615385 0.07692307692307693
0 0.8197115384615384 0.11538461538461539 0.03485576923076923 0.08052884615384616
1 0.7620192307692307 0.25600961538461536 0.04447115384615385 0.08052884615384616
0 0.8389423076923077 0.5072115384615384 0.06971153846153846 0.08052884615384616
1 0.8918269230769231 0.7415865384615384 0.08052884615384616 0.12379807692307693